57.22664260864258
26.480083465576172
13.266316413879395
9.9117431640625
7.015395641326904
6.2565155029296875
5.9183478355407715
4.48951530456543
4.496481895446777
3.346363067626953
3.843249559402466
3.945054531097412
3.884709119796753
3.7345385551452637
3.682910680770874
3.5071520805358887
3.418734312057495
2.901371479034424
3.127241373062134
3.5198352336883545
3.2714850902557373
3.104649305343628
3.290271520614624
3.163198947906494
3.2689831256866455
3.337069034576416
3.13444447517395
3.1291027069091797
3.1172032356262207
3.0637459754943848
3.1212880611419678
3.1035053730010986
3.0331084728240967
3.0501010417938232
2.999657154083252
2.7713589668273926
2.9983606338500977
3.022587299346924
2.894521474838257
2.886885643005371
3.0064496994018555
3.0502986907958984
2.9714043140411377
2.602391242980957
2.9689559936523438
2.9461452960968018
2.843319892883301
2.8692328929901123
2.84806752204895
2.529078722000122
2.8926448822021484
2.7908034324645996
2.7165303230285645
2.9738128185272217
2.7846174240112305
2.7660765647888184
2.7499523162841797
2.77374529838562
2.5710549354553223
2.7294821739196777
2.844329833984375
2.6114583015441895
2.7580111026763916
2.8167381286621094
2.5854878425598145
2.4925379753112793
2.6790671348571777
2.467634916305542
2.6714982986450195
2.2626757621765137
2.5522234439849854
2.6182780265808105
2.7782840728759766
2.6350367069244385
2.6113455295562744
2.691149950027466
2.705554246902466
2.6354820728302
2.5062601566314697
2.444912910461426
2.728320360183716
2.392432689666748
2.473123073577881
2.864595890045166
2.642566680908203
2.4561591148376465
2.406445264816284
2.6013026237487793
2.8919575214385986
2.4914138317108154
2.1932079792022705
2.611095905303955
2.3317642211914062
2.4302170276641846
2.430340051651001
2.514235019683838
2.4086053371429443
2.266972064971924
2.523080348968506
2.4467451572418213
2.4938344955444336
2.5042006969451904
2.2827045917510986
2.153637647628784
2.4041967391967773
2.492361545562744
2.2647817134857178
2.295631170272827
1.8060423135757446
2.439505100250244
2.315385103225708
2.295111894607544
2.0699303150177
2.169297218322754
2.139664888381958
2.0957281589508057
2.1643295288085938
2.028496503829956
2.4680886268615723
2.15051007270813
2.064161539077759
2.1426751613616943
2.127835273742676
1.9826635122299194
2.061445474624634
2.030672073364258
2.059845447540283
1.9531991481781006
2.4427502155303955
1.8714747428894043
1.8219588994979858
2.0698399543762207
1.6906121969223022
2.270796298980713
1.8554573059082031
2.051391363143921
2.0398361682891846
1.7050161361694336
1.9003268480300903
1.6616709232330322
1.7436612844467163
1.816091775894165
1.7002081871032715
1.6509536504745483
2.163102388381958
1.7659069299697876
1.7184611558914185
1.4394530057907104
1.651418685913086
1.7530344724655151
1.3946220874786377
1.5069252252578735
1.4840781688690186
1.5894570350646973
1.6960337162017822
1.6010733842849731
1.461205244064331
1.4735063314437866
1.5172362327575684
1.3344448804855347
1.2689785957336426
1.660335898399353
1.4106491804122925
1.5314087867736816
2.0343575477600098
1.3720864057540894
1.3000932931900024
1.3286628723144531
1.3195226192474365
1.3466075658798218
1.2743691205978394
1.1657394170761108
1.3435205221176147
1.2836612462997437
1.1563383340835571
1.3148565292358398
1.6477504968643188
1.178582787513733
1.535497784614563
1.132238745689392
1.3065346479415894
1.2938538789749146
1.6499431133270264
1.0809791088104248
1.3649013042449951
1.0567926168441772
1.3297146558761597
1.608497977256775
1.125679612159729
2.1295316219329834
1.1826317310333252
1.3720403909683228
1.2256354093551636
1.1953574419021606
1.1037548780441284
1.1383428573608398
1.1552770137786865
1.0336034297943115
1.2277932167053223
0.9523080587387085
1.0995075702667236
1.2009692192077637
1.2545344829559326
1.085373878479004
0.9294980764389038
1.0201538801193237
1.187440037727356
1.1923843622207642
0.988370418548584
1.050702452659607
1.0769041776657104
0.9801238775253296
1.068292498588562
1.223394751548767
0.9434766173362732
1.8637138605117798
1.0152335166931152
1.1448777914047241
0.9276601672172546
0.9415558576583862
1.1203559637069702
0.9450650215148926
1.0064873695373535
0.9670783877372742
1.0556212663650513
0.9730416536331177
0.9669340252876282
1.9724382162094116
2.8281431198120117
1.1232198476791382
1.1686044931411743
2.566600799560547
1.2524816989898682
1.1113526821136475
1.2126058340072632
1.4695245027542114
1.1487990617752075
1.2543307542800903
1.0987564325332642
1.0717874765396118
0.9957860708236694
1.002917766571045
2.2123770713806152
0.9507178068161011
0.9870280027389526
0.964586615562439
0.9900559782981873
0.8564845323562622
1.2167671918869019
0.8581185936927795
0.8999724984169006
0.956836462020874
1.1844021081924438
0.8588248491287231
0.866063117980957
0.766278862953186
1.667958378791809
1.1347359418869019
0.9915186762809753
2.2682912349700928
1.0318166017532349
1.008238434791565
1.089752197265625
0.8361572623252869
1.1508078575134277
1.0059787034988403
0.8654378652572632
0.9832451939582825
0.9946393370628357
0.9316543340682983
1.137563705444336
1.1238521337509155
0.8280790448188782
0.9840440154075623
1.024582862854004
0.8350911140441895
0.9787115454673767
0.9675678610801697
1.307540774345398
0.9951388239860535
0.8252254128456116
0.8255283236503601
0.9185410737991333
0.9368600845336914
0.829995334148407
1.0042115449905396
1.0153735876083374
0.8270838856697083
1.880052089691162
0.9699393510818481
0.9185329079627991
0.9713236689567566
0.7616040706634521
0.8435773849487305
0.9477642178535461
1.025892972946167
0.9732503294944763
0.7485303282737732
0.8555106520652771
0.9328448176383972
0.6970860958099365
0.8804289102554321
0.9503270983695984
0.8611845970153809
1.6088972091674805
0.7396794557571411
0.8488407135009766
0.9863078594207764
0.9628655314445496
0.7719008922576904
0.9760081171989441
0.8499940037727356
0.7776759266853333
0.6986984610557556
0.7620216012001038
0.9307537078857422
0.7859348058700562
0.8458202481269836
0.7017526626586914
0.7521752715110779
3.2862823009490967
3.529526472091675
2.858441114425659
1.101369857788086
1.2520842552185059
1.2243999242782593
1.3394274711608887
1.2227323055267334
1.3601288795471191
1.0459139347076416
1.0037205219268799
1.1021084785461426
1.0235681533813477
1.6254152059555054
0.9699004292488098
1.4103220701217651
1.0908864736557007
1.3190805912017822
2.9630675315856934
1.0901148319244385
0.925782322883606
0.9658266305923462
1.0219976902008057
0.9586388468742371
1.233680009841919
1.1048554182052612
1.0129188299179077
0.986528217792511
0.851776659488678
1.0040196180343628
2.901993989944458
0.9288839101791382
1.1491081714630127
0.8969651460647583
0.8872706294059753
0.9428773522377014
1.2786445617675781
1.0186772346496582
0.8682170510292053
0.8303872346878052
1.4506584405899048
0.8820052146911621
0.980684757232666
0.8588683605194092
0.9437329173088074
0.8313735127449036
0.846207320690155
0.8934997320175171
0.7807437181472778
1.9563312530517578
0.785118043422699
0.8395828604698181
0.9230278730392456
0.7771056890487671
0.8166566491127014
1.0038515329360962
0.925501823425293
1.228513479232788
0.8688306212425232
0.7115232944488525
1.358986496925354
0.7453351616859436
0.7374760508537292
0.8408573269844055
1.9982258081436157
0.774108350276947
0.732630729675293
0.6527131795883179
1.3622947931289673
0.8260015249252319
0.7660813927650452
2.1070139408111572
0.7164321541786194
0.7862628698348999
0.7386565208435059
0.8155093193054199
0.9001070261001587
0.9974859952926636
0.6988083124160767
0.702453076839447
0.8949310779571533
0.6859703063964844
0.7293437123298645
1.0548393726348877
0.6315749883651733
1.1729366779327393
0.7730785012245178
0.7288481593132019
0.8713746070861816
0.7866725921630859
0.8252217173576355
0.7660356163978577
0.6722700595855713
0.6533598899841309
0.6211051940917969
0.6221840381622314
0.8171404004096985
0.7895452380180359
0.6378909945487976
0.7876133918762207
0.7166507840156555
0.6812569499015808
0.8032841682434082
0.5928175449371338
0.6354606747627258
0.5283523201942444
0.8927685618400574
0.7281919121742249
0.6324793100357056
0.6838573813438416
0.6503923535346985
0.5509133338928223
0.6921572685241699
0.8450033664703369
0.629987359046936
0.6820699572563171
0.534783124923706
0.6650379300117493
0.8005946278572083
1.2636797428131104
0.6569826006889343
0.6416144371032715
0.6756221652030945
0.7591245770454407
0.6389274597167969
0.8894158601760864
0.6156867146492004
0.9002373814582825
0.8416868448257446
0.732437252998352
0.57252037525177
0.6311908960342407
0.5594647526741028
0.5435501337051392
0.6030178070068359
0.5833970904350281
0.7912089228630066
1.3824630975723267
0.7103801369667053
0.6333956718444824
1.018664836883545
0.6045131087303162
0.7234577536582947
0.5361031889915466
0.576079249382019
0.680539608001709
1.2424973249435425
0.5921737551689148
1.1036784648895264
0.6766910552978516
1.0231596231460571
0.5626205205917358
0.8986614942550659
0.642284095287323
0.7910611629486084
0.7922295928001404
0.5608322024345398
0.5805662870407104
0.5837704539299011
0.601994514465332
0.5980966687202454
0.6092014312744141
0.6237049698829651
0.5849408507347107
0.8174461126327515
0.709521472454071
0.5793477892875671
0.628472626209259
0.6492241024971008
0.5538917779922485
0.5349311828613281
1.061890721321106
0.6392789483070374
0.8643093705177307
0.6105400323867798
0.5732361078262329
0.5195303559303284
0.5764962434768677
0.7554115056991577
0.9835619330406189
0.4789884686470032
0.5924017429351807
0.46948087215423584
0.6702502965927124
0.8330524563789368
0.6028590798377991
0.49479514360427856
0.6153074502944946
0.581652820110321
0.997543454170227
0.5040265321731567
0.5587167739868164
0.7539201378822327
0.5296180844306946
0.5868107080459595
0.5015577673912048
0.48940223455429077
0.9146227240562439
0.5565024614334106
0.5843017101287842
1.0739455223083496
0.5835501551628113
0.523248553276062
0.48961523175239563
0.5247058272361755
0.5026813745498657
1.54996657371521
0.5923891067504883
0.4791709780693054
0.5708227753639221
0.47351333498954773
0.5438222885131836
0.5471879243850708
0.5073059797286987
0.6584639549255371
1.1753349304199219
0.5341141819953918
1.3077417612075806
0.6041401028633118
0.5826941728591919
0.7232661247253418
0.48061031103134155
0.6740620732307434
0.503602147102356
0.5530292987823486
0.5686474442481995
0.4771239757537842
0.5840986371040344
0.477352112531662
0.7971662878990173
0.5192820429801941
0.6839927434921265
0.5572158098220825
0.5364152193069458
0.8308225274085999
0.5858467221260071
0.7532956600189209
0.5657381415367126
0.4409351050853729
0.45109856128692627
0.6983089447021484
0.5429415702819824
0.8330384492874146
0.6103562116622925
0.49914687871932983
0.7936149835586548
0.5961569547653198
0.9360269904136658
0.5340893864631653
0.614160418510437
0.5293017029762268
1.111374855041504
0.547555148601532
0.7027460336685181
0.6837978959083557
0.5048816800117493
0.4841773808002472
0.5633481740951538
0.5189522504806519
0.5076617002487183
0.5223230719566345
0.4520753026008606
1.4874264001846313
0.44413888454437256
0.6079540252685547
2.301636219024658
0.4396429657936096
0.4857720136642456
0.5157582759857178
0.9789379835128784
0.5719366073608398
0.5269201993942261
0.5186456441879272
0.6897230744361877
0.5053309202194214
0.6311781406402588
0.9590674638748169
0.6994127631187439
0.9000390768051147
0.6702113747596741
0.519125759601593
0.6730130910873413
2.6088004112243652
1.7647650241851807
0.6644107103347778
0.9946382641792297
0.9139953255653381
0.6799523234367371
0.8209925889968872
0.6806453466415405
0.7690294981002808
0.6834850907325745
0.6971392035484314
0.6903867125511169
0.6339993476867676
0.8295215964317322
0.8045040369033813
0.8071673512458801
0.6809080243110657
0.712540328502655
0.5728555917739868
0.9813669323921204
0.7058445811271667
0.6734824180603027
0.6032364368438721
0.6659583449363708
1.2065166234970093
0.778659462928772
0.5835143327713013
1.1157068014144897
0.5834474563598633
0.6271767616271973
0.7093786001205444
0.7978515028953552
0.60687255859375
0.7841254472732544
0.5560766458511353
0.6406750082969666
0.5396928787231445
0.7462707161903381
0.5798615217208862
0.7370781898498535
0.4842345416545868
0.660931408405304
0.5215727090835571
0.5389565825462341
0.550113320350647
0.4457041621208191
0.6617331504821777
0.45110008120536804
0.5785061717033386
0.4654873311519623
0.49727752804756165
0.4350700080394745
0.7196989059448242
0.5727591514587402
0.4692924916744232
0.4970509111881256
0.6210170984268188
0.4119320511817932
0.5599010586738586
0.612821102142334
0.5728669762611389
0.5988414883613586
0.4324950873851776
1.2398446798324585
0.4624188244342804
0.47489580512046814
0.40781518816947937
1.0801361799240112
0.8130699396133423
1.8395861387252808
0.49546685814857483
0.5189052820205688
0.5076671838760376
1.1566544771194458
0.5583855509757996
0.5755457878112793
0.5209904909133911
0.5037059187889099
1.0608539581298828
0.6226804852485657
0.5479268431663513
0.47106099128723145
0.4530050456523895
0.6593976616859436
0.5059245228767395
0.4372493028640747
0.4581238627433777
0.5530301332473755
0.4288274943828583
1.4962774515151978
0.683882474899292
0.5125583410263062
0.518723726272583
0.7205601334571838
0.6777853965759277
0.7434710264205933
0.9195443391799927
0.4321742653846741
0.4856264889240265
0.43660008907318115
1.0025203227996826
0.4964640438556671
0.46232423186302185
0.5236763954162598
0.5139822959899902
0.5884570479393005
0.4487832486629486
0.5995520949363708
0.6314528584480286
0.43531912565231323
1.3888171911239624
0.5546486973762512
0.49612653255462646
0.5078663229942322
0.7298057079315186
0.45674580335617065
0.39955946803092957
0.39412185549736023
0.5163729786872864
0.4879612624645233
0.39052459597587585
0.45536133646965027
0.6622123122215271
0.5901163816452026
0.3861458897590637
0.6270120739936829
0.46700143814086914
0.4479292333126068
0.4306599497795105
0.5965510606765747
0.4032268524169922
0.5697576403617859
0.45309796929359436
0.42895278334617615
0.37644633650779724
0.3985069990158081
0.5389120578765869
0.4408699870109558
0.7244654893875122
0.4549176096916199
0.64799964427948
0.4420451819896698
0.6003314852714539
0.3633611798286438
0.44856661558151245
0.44280898571014404
0.4344664216041565
1.4482837915420532
0.8119000792503357
0.48141998052597046
1.1422356367111206
0.46130380034446716
1.1995245218276978
0.5916944742202759
1.1903777122497559
0.6102235913276672
0.5651028752326965
0.4999604821205139
0.4938044548034668
0.5649480819702148
0.4650428891181946
1.8091742992401123
0.7143355011940002
0.6306650042533875
0.6223272085189819
0.5736443996429443
0.6018293499946594
0.8354607820510864
0.6224514842033386
0.494219034910202
0.6621953845024109
0.6101981997489929
0.9961587190628052
0.6149490475654602
0.693610429763794
0.5055391788482666
0.49488455057144165
0.6523303985595703
0.46415621042251587
0.4207639694213867
0.42307740449905396
0.40187937021255493
0.5291568636894226
0.3885878920555115
0.6169247031211853
0.4595552384853363
0.7305262684822083
0.43220821022987366
0.3773411512374878
0.5395813584327698
0.6022667288780212
0.411384642124176
0.5925328731536865
0.4424567222595215
0.42587408423423767
0.5595982074737549
0.626470148563385
0.4566556513309479
0.3657678961753845
0.3504180610179901
0.49180442094802856
0.4096240699291229
0.4203084707260132
0.6592311263084412
0.47733837366104126
0.5048903226852417
0.5150514245033264
0.36642855405807495
0.4720900356769562
4.9892964363098145
0.5385109782218933
2.1388893127441406
0.5279057025909424
0.7616217732429504
0.7171701192855835
0.8684970736503601
2.3242719173431396
0.6704295873641968
0.8300208449363708
0.8006629347801208
0.780997097492218
0.7996814846992493
0.7473837733268738
0.8139011263847351
0.667909562587738
0.6686192154884338
0.6592682003974915
0.8328272700309753
0.7460468411445618
0.6012865304946899
0.7616059184074402
0.6947958469390869
0.7121548652648926
0.8442581295967102
0.5885831117630005
0.6372988820075989
0.651786744594574
0.6341937780380249
0.6568590402603149
0.6148238182067871
0.5999541282653809
0.5758472681045532
0.5302896499633789
0.6808038949966431
0.8869756460189819
0.4770283102989197
0.6756258010864258
0.5477666258811951
0.48439452052116394
0.7483980059623718
0.5236138105392456
0.6705084443092346
0.732245147228241
0.4840628504753113
0.46793505549430847
0.6296920776367188
0.46373218297958374
0.4812583923339844
0.4631328284740448
0.5445027947425842
0.4656028151512146
0.510624885559082
0.4327983558177948
0.5814549326896667
0.468257874250412
0.3793247938156128
0.5713820457458496
0.381771445274353
0.5681525468826294
3.617807626724243
0.540815532207489
0.5120134353637695
0.9728792309761047
0.5729241371154785
0.6712353825569153
0.62740159034729
0.6397632956504822
0.5537422895431519
0.49937909841537476
0.49177587032318115
0.4815559387207031
0.5042498707771301
0.6144762635231018
0.47733038663864136
0.6661944389343262
0.4902503490447998
0.4730348587036133
0.5673028826713562
0.43905341625213623
0.6415595412254333
0.49016866087913513
0.4411180317401886
0.44620391726493835
0.5841299295425415
0.38811439275741577
1.0255622863769531
0.5935383439064026
0.43807610869407654
0.37361252307891846
0.6876027584075928
0.7018490433692932
0.4527975022792816
0.4949391782283783
3.9405877590179443
0.42036694288253784
0.40870678424835205
0.49696478247642517
0.4837718904018402
0.7986931800842285
0.9236202239990234
0.47594350576400757
0.6361388564109802
0.5001949071884155
0.5866360664367676
0.7602341771125793
0.6102465391159058
0.46787986159324646
0.6012951135635376
0.5046854019165039
0.7304936647415161
0.4929085671901703
0.5357539653778076
0.5338475108146667
0.7701582908630371
0.5639618039131165
0.47334447503089905
0.9115545153617859
0.43502098321914673
0.526312530040741
0.5396156311035156
1.0521620512008667
0.4366042912006378
0.5894908308982849
0.49088501930236816
2.74078369140625
0.49152761697769165
0.4199664294719696
0.5013100504875183
0.5783789753913879
0.5236023664474487
0.8015559315681458
0.45820194482803345
0.4872692823410034
0.5003474354743958
2.0643093585968018
0.5202701091766357
0.503655731678009
0.5165685415267944
0.47413039207458496
0.5484004616737366
0.6182953119277954
0.4706377685070038
0.6506465077400208
0.47586458921432495
0.49884119629859924
0.4441244900226593
0.48370853066444397
0.4515182375907898
0.4696381986141205
0.5800801515579224
1.505904197692871
1.337644100189209
0.5288236141204834
0.4944700002670288
0.38698458671569824
0.6707438826560974
0.47889232635498047
0.46751970052719116
0.5798996686935425
0.3597310483455658
0.5972337126731873
2.7475719451904297
0.39761650562286377
1.1753729581832886
1.022872805595398
0.4487791061401367
0.5188239812850952
0.5104082226753235
0.562506914138794
0.41190168261528015
0.5265920758247375
0.6212870478630066
0.6003982424736023
1.0623066425323486
0.5692982077598572
0.8255330324172974
0.5399219393730164
0.5491988062858582
0.47194287180900574
0.5093528628349304
0.5055021047592163
0.5660837292671204
0.4573918282985687
1.2445474863052368
0.3778228163719177
0.4811815917491913
0.4149512052536011
0.4989379346370697
