40.5332088470459
22.41624164581299
13.208853244781494
9.053332328796387
6.839169979095459
5.462662696838379
5.830841541290283
4.143109560012817
4.630277156829834
3.3754796981811523
4.227040410041809
3.5290067195892334
3.5202043056488037
4.205039739608765
3.2292615175247192
3.201059579849243
3.968843102455139
3.710681438446045
3.8255046606063843
3.0915368795394897
3.883062243461609
3.8808823823928833
2.969341278076172
3.8727166652679443
3.081705689430237
3.060926675796509
3.930496573448181
3.9588828086853027
3.8786709308624268
2.8701539039611816
3.0515674352645874
2.9232574701309204
3.9201074838638306
3.7659448385238647
2.8136149644851685
3.683828592300415
4.081669092178345
3.0272626876831055
4.167647957801819
3.839841604232788
2.849760055541992
4.244088888168335
3.9393874406814575
4.280206680297852
4.283520460128784
2.7938073873519897
4.459039926528931
3.9800714254379272
2.6319984197616577
2.6681265830993652
4.483181476593018
4.73986554145813
2.668618321418762
2.80889630317688
4.756192207336426
4.174128293991089
2.4926259517669678
3.0039020776748657
4.401817321777344
2.8665114641189575
2.8137969970703125
2.8728482723236084
4.269285798072815
4.746897459030151
4.665156364440918
4.663430452346802
2.6216347217559814
2.7671353816986084
5.541418075561523
2.523651361465454
4.364384770393372
2.8039700984954834
4.661190986633301
5.572319149971008
2.962298035621643
5.468395352363586
2.8298821449279785
2.664237380027771
5.087722897529602
5.163133859634399
2.733915328979492
2.368690252304077
5.245605230331421
2.6009068489074707
5.083581924438477
2.735068440437317
5.347180724143982
6.139479398727417
2.386449635028839
6.101934790611267
2.668737769126892
5.596115350723267
2.3887250423431396
6.326959252357483
2.571744441986084
2.410554051399231
2.6571043729782104
2.2053728103637695
2.3828186988830566
5.518717408180237
5.821313381195068
2.712229609489441
5.824227452278137
5.793020606040955
5.427051067352295
5.650039911270142
2.0385630130767822
5.825253367424011
6.303750813007355
2.8115384578704834
2.906339168548584
2.769732117652893
7.431616425514221
2.034756064414978
5.433143258094788
6.9473124742507935
1.9300765991210938
7.356929183006287
6.000412225723267
6.325795769691467
1.7885502576828003
1.8985340595245361
5.547912120819092
6.84206360578537
5.026327729225159
5.23280668258667
1.8241011500358582
4.921430230140686
4.571207642555237
4.792323589324951
1.8282020688056946
2.0033786296844482
1.6982203722000122
5.316162824630737
1.866983413696289
4.416990637779236
5.526550889015198
4.245648384094238
2.1183088421821594
5.132349133491516
2.0750157237052917
1.4376914501190186
5.369428396224976
1.685655415058136
4.93818986415863
5.150926411151886
1.6052935123443604
4.419578492641449
1.5618737936019897
4.481794059276581
1.1964305341243744
1.3174304366111755
1.4513262510299683
1.5004527568817139
1.660821795463562
4.145815908908844
4.445814490318298
1.2436482310295105
1.2690797448158264
5.783854901790619
1.3495994806289673
1.3009712994098663
5.933109700679779
4.303569793701172
1.5266681909561157
1.539956510066986
1.1441031992435455
4.76055908203125
1.489209234714508
1.4089383482933044
1.2834467887878418
4.865976989269257
5.162514388561249
1.0159620642662048
4.321668922901154
5.893200397491455
6.123830139636993
5.745012104511261
5.9934216141700745
5.6024386286735535
3.9913024306297302
1.3617234230041504
4.439617991447449
1.1202757954597473
1.4575337171554565
6.007219016551971
4.86078017950058
4.707680642604828
0.9229628145694733
1.3802697658538818
0.8915716111660004
0.9886552393436432
3.5717830061912537
0.9256371855735779
0.9940872192382812
1.1027360558509827
3.3515933752059937
0.815346747636795
0.9342833459377289
3.3868691325187683
3.6538652181625366
0.9086986780166626
4.006792902946472
0.9660000503063202
3.582321345806122
3.6541284918785095
0.8270040154457092
3.5322919487953186
0.9583078026771545
0.7700395435094833
0.7554975152015686
0.7210346311330795
3.8634957671165466
0.8645839095115662
0.8778808414936066
4.480150997638702
0.7471139430999756
0.8131043165922165
4.360724538564682
0.8137999176979065
1.0348395705223083
0.9203784465789795
4.012728929519653
0.7052607238292694
0.9851583242416382
0.9258803725242615
3.5688652098178864
1.558509349822998
2.0310450196266174
4.553392112255096
1.3969039916992188
2.119260549545288
3.266614556312561
3.4789074659347534
1.1154265403747559
3.409750759601593
3.0337758660316467
0.9296640455722809
0.9743139147758484
3.226617157459259
2.8512865900993347
3.6920249462127686
1.3803775310516357
3.908376634120941
3.3011454939842224
4.110102593898773
0.7987833917140961
3.856307089328766
0.883264034986496
0.8139815032482147
0.9415178596973419
4.91607129573822
0.8116136491298676
4.46915203332901
0.7151562571525574
0.7942027449607849
5.295412600040436
5.039184987545013
4.91590341925621
1.4219446778297424
3.7766276001930237
4.078629791736603
1.2417759895324707
3.7977382838726044
1.084118127822876
0.7658139169216156
3.2421697974205017
4.015470892190933
4.486013621091843
3.825030505657196
0.9931461215019226
0.836632490158081
0.7373412251472473
3.756559818983078
3.674933433532715
3.1974754333496094
3.4642519652843475
3.6523573100566864
1.0488067269325256
3.323633998632431
0.8670280277729034
3.26055845618248
0.686753898859024
0.9251890778541565
3.2248614728450775
3.6620731949806213
3.173846185207367
3.4130703508853912
1.1466076970100403
0.8828638195991516
3.3585439026355743
0.8325347006320953
3.6820865869522095
0.6215217560529709
3.182027965784073
0.7367731779813766
4.07353875041008
3.408957928419113
0.8547809422016144
3.1636641919612885
4.035366415977478
3.1542349457740784
3.634337991476059
3.37715744972229
3.730391025543213
3.8665509819984436
3.492147922515869
3.299627661705017
3.046759456396103
3.6443511247634888
0.6908908784389496
0.6948204040527344
3.8538197576999664
0.732061356306076
0.7572441399097443
0.863597571849823
0.722446858882904
0.7149100601673126
0.691749632358551
0.6699693202972412
2.015111804008484
2.1350176334381104
4.403027653694153
3.081376075744629
2.983764171600342
1.2866326570510864
1.246304988861084
2.6104544401168823
2.6512928009033203
2.9150036573410034
3.348563551902771
3.2921483516693115
2.670422077178955
3.1332995295524597
3.111334949731827
3.7221409678459167
3.4107441306114197
3.5419260263442993
5.342565059661865
0.889114260673523
3.5182297825813293
0.9668294787406921
0.7816121578216553
0.9762766659259796
3.1390610933303833
0.9357051253318787
0.7651281952857971
0.9497527778148651
0.6566379070281982
0.985792875289917
1.9455888867378235
0.7179506421089172
3.138322949409485
0.8063227236270905
0.7851977944374084
3.101105719804764
1.0841123461723328
3.384265661239624
3.567452698945999
0.6652882099151611
3.8391554951667786
2.9035091400146484
3.0218353271484375
0.8245773017406464
4.03005251288414
0.6573728322982788
4.130022376775742
3.2177602648735046
0.6281473636627197
1.2603760957717896
3.641456574201584
0.7680408656597137
0.8510546684265137
0.5922449678182602
0.6486387848854065
3.797727644443512
3.4627246856689453
0.8001611679792404
0.6322842985391617
3.4634710550308228
3.70535546541214
3.6162021458148956
0.6409702599048615
0.6361111700534821
1.2236798703670502
3.118782490491867
0.6026590913534164
0.5334924459457397
4.075798332691193
0.644016683101654
0.7142379283905029
1.435757040977478
3.182189494371414
3.3921563029289246
3.576885461807251
0.8110699355602264
0.683004304766655
0.7757094502449036
0.6729569435119629
0.7146026194095612
3.518975853919983
0.5474410951137543
0.6511672735214233
3.5018683671951294
3.0923306345939636
0.8718235790729523
3.478547364473343
3.2814806401729584
0.7442624866962433
0.6762077808380127
0.6472540497779846
4.065100699663162
3.5766478776931763
0.5718125104904175
4.052220821380615
0.5231501460075378
3.830958753824234
0.779873788356781
3.858853667974472
0.6278923451900482
4.113154321908951
0.560383528470993
4.5665247440338135
4.3364115953445435
4.599151998758316
4.582719594240189
0.741134375333786
0.6318141520023346
3.766848385334015
0.5627084672451019
4.007653146982193
3.941202163696289
0.6621676981449127
0.774608314037323
3.620481789112091
0.5736579298973083
4.267547011375427
4.2487479746341705
4.093707233667374
4.448131203651428
4.332244962453842
3.976252794265747
4.130948632955551
0.5837877690792084
0.6131411194801331
4.010255396366119
4.03041735291481
0.6073054224252701
3.970837652683258
4.387946665287018
0.531979113817215
4.577519714832306
0.6168729066848755
4.626525700092316
0.5951127409934998
0.5885834693908691
0.7344581186771393
5.829686939716339
0.806045413017273
5.078201055526733
1.0106472969055176
4.343201607465744
3.6528320014476776
4.423573940992355
0.6972636282444
4.2898643016815186
4.67334645986557
4.65037927031517
4.38972795009613
0.5951630473136902
4.5535529255867
0.450959250330925
4.2072595953941345
0.5198141634464264
0.643590658903122
3.3822693526744843
0.4537636637687683
3.9067248702049255
3.6898249089717865
4.163699626922607
0.6817135512828827
4.2374207973480225
0.5939273536205292
0.5116088390350342
0.6261077225208282
5.023584932088852
0.6869871914386749
4.764904171228409
5.62922278046608
4.888445198535919
0.5377145409584045
5.259820997714996
5.547476083040237
6.06987002491951
0.658379316329956
4.53122216463089
0.4522031098604202
4.60249525308609
0.575701579451561
3.850084751844406
5.035492330789566
0.5647693872451782
4.399547755718231
4.283144176006317
0.7343895137310028
4.993280678987503
4.402046352624893
5.347327530384064
0.46547552943229675
4.420319139957428
4.467642366886139
0.5057741403579712
0.5617057383060455
4.301489740610123
0.7997334599494934
0.6333935856819153
5.383120745420456
0.7536178529262543
4.7830711007118225
0.5045052021741867
4.74279522895813
5.676829665899277
0.5036261677742004
5.316014185547829
0.6411765515804291
5.090719044208527
0.9878509491682053
0.5433236658573151
0.448070228099823
0.5077834725379944
4.859668597579002
4.666995525360107
4.776576101779938
4.346788823604584
0.7296048998832703
1.2474273443222046
0.5186959803104401
0.8462395071983337
0.7690486013889313
0.5016473233699799
5.208911657333374
4.631032198667526
0.5326309949159622
0.7139388620853424
0.45854905247688293
5.815475970506668
5.612395644187927
4.636588007211685
0.40959374606609344
0.9985801875591278
0.820997804403305
0.7923831343650818
0.43109485507011414
5.8450546860694885
5.007940083742142
0.9535009562969208
0.7152862548828125
0.5692513585090637
0.5928116887807846
5.628766596317291
6.881918907165527
5.504254579544067
5.780702650547028
0.5787387490272522
0.5405717194080353
5.866863548755646
0.47480157017707825
0.8355406224727631
0.7522245943546295
4.908000886440277
4.841911822557449
0.9196364283561707
4.65412911772728
4.67951899766922
4.767488986253738
4.2499217092990875
0.41829659044742584
5.216381251811981
4.898099839687347
0.6286735832691193
5.179530829191208
0.5751027166843414
5.6607945561409
5.215782821178436
0.5320645570755005
1.445545256137848
4.552489310503006
4.292087018489838
0.47275373339653015
0.682447761297226
5.2908148765563965
4.655182778835297
4.372255027294159
0.8412717580795288
4.87470144033432
5.0611478090286255
4.9235435128211975
0.5412339866161346
4.923141181468964
3.9778306782245636
5.257865339517593
0.681320309638977
5.0537638664245605
1.1129445731639862
6.153503000736237
0.7154257297515869
1.0826579630374908
5.021280139684677
4.718196928501129
0.9938501119613647
1.1740729212760925
0.6170645654201508
4.293472021818161
4.950418919324875
0.5611531734466553
5.736385554075241
6.004014790058136
4.128865867853165
0.836095005273819
5.243339389562607
0.7668249011039734
5.22645178437233
5.240805476903915
0.748405396938324
0.7345169484615326
4.8258266150951385
6.528549373149872
0.9757302403450012
0.7348335981369019
5.36981600522995
5.376155376434326
5.3124635219573975
0.7921877503395081
0.5779170095920563
0.5206742882728577
4.084900915622711
3.884270489215851
3.980152815580368
4.947842597961426
4.480798035860062
0.5693201720714569
0.6686217188835144
4.634655341506004
0.5657647401094437
4.039536535739899
3.940965622663498
0.543239951133728
0.4471055865287781
4.699792146682739
0.5429274886846542
5.7719758450984955
0.42605386674404144
0.474440798163414
4.259103760123253
0.7439383268356323
0.5312980860471725
0.5122105330228806
5.102172687649727
0.6291204690933228
0.39787158370018005
0.49467428028583527
0.6821320056915283
0.5477685332298279
5.155020147562027
5.089093193411827
5.535113513469696
5.8188706785440445
4.37527434527874
0.37537889182567596
5.257054269313812
0.7034693360328674
1.1692945808172226
0.7905883938074112
0.5544322431087494
0.7207535803318024
4.996568262577057
4.6923650205135345
0.6648468375205994
0.8291712403297424
0.6555345356464386
4.5525383949279785
5.462285429239273
5.03721758723259
5.262715458869934
3.9795204252004623
0.7248326241970062
4.789831310510635
5.446893751621246
4.414492458105087
0.4561965763568878
0.4817068725824356
6.095281422138214
0.4922710508108139
0.9886776804924011
5.280284523963928
0.7708488702774048
0.6547013223171234
1.0822603106498718
0.869885265827179
5.387154370546341
0.5434562712907791
0.5177187621593475
0.8081791400909424
4.15488637983799
0.4837459474802017
4.7079918384552
4.215846538543701
4.704769104719162
5.377108260989189
0.5915020108222961
4.957492977380753
4.779755204916
1.001594364643097
5.216773182153702
5.937103450298309
0.7092052102088928
0.5779889822006226
0.7101538479328156
0.46244965493679047
0.4789457768201828
5.165506035089493
5.28677199780941
5.335192069411278
5.30207060277462
6.590311020612717
5.623149812221527
4.843421131372452
0.665964275598526
4.919842958450317
0.4171093553304672
5.080040782690048
5.446479856967926
0.7289811968803406
0.4413624703884125
5.539720371365547
5.809324070811272
5.778714939951897
0.3530103266239166
5.243964314460754
0.43970128893852234
0.9143081307411194
0.5045931935310364
0.5881067514419556
0.42287681996822357
4.937552064657211
4.908292680978775
0.429264634847641
0.7710806727409363
0.4631604552268982
1.2546623349189758
5.186596363782883
0.568641871213913
4.828962743282318
5.167762324213982
1.020283579826355
0.7242364883422852
5.082212209701538
0.5986208617687225
0.9183459579944611
4.529002457857132
0.6130244731903076
0.5252020955085754
3.932086855173111
1.4475160837173462
0.9370845258235931
0.958572119474411
5.163594901561737
0.5373539924621582
5.486854463815689
5.459972441196442
5.385886043310165
0.4785650819540024
0.5542238503694534
5.353402227163315
0.7970227897167206
0.6154859066009521
4.8856788873672485
0.47820787131786346
0.506917268037796
3.8847711086273193
0.8686629831790924
0.9095110893249512
5.4304260313510895
0.4460883140563965
0.8276152312755585
0.4674420654773712
7.583492010831833
0.46619100868701935
6.053281456232071
0.8364603072404861
0.39022569358348846
8.181676417589188
6.164164274930954
7.383087188005447
5.602328181266785
0.6318272352218628
6.689493343234062
6.560405850410461
0.744481235742569
5.273023679852486
4.608915060758591
0.33024170994758606
5.735363155603409
6.767084583640099
5.1371113657951355
1.1401443183422089
6.457814961671829
6.403064668178558
6.123168259859085
6.539154142141342
0.47169454395771027
2.9322994351387024
4.980542033910751
5.872279644012451
5.115468144416809
5.54157367348671
3.978042781352997
1.0179452002048492
1.4752006232738495
3.4806851744651794
0.7225243151187897
3.7247948348522186
4.074435144662857
0.872003048658371
5.034585326910019
6.587160676717758
6.082663029432297
0.5573661625385284
6.067357450723648
5.706425040960312
0.9910146296024323
0.5388542711734772
1.6936393678188324
6.498755574226379
1.5450348854064941
9.023523718118668
1.2593809962272644
0.92449751496315
1.4516404569149017
1.4169008135795593
1.5205022692680359
0.5684354305267334
0.9891943335533142
0.884939968585968
6.45524787902832
0.5438285320997238
0.5418651923537254
6.0349118411540985
5.854684352874756
5.423250645399094
6.121307119727135
0.5217154622077942
4.996929585933685
6.25669339299202
5.8286775052547455
0.4288252890110016
5.824131712317467
5.11796760559082
0.7013710141181946
0.602315366268158
6.689665779471397
7.386634141206741
5.082635372877121
6.865823268890381
0.5978145450353622
0.7726220488548279
0.7218426913022995
5.3641809821128845
8.061163187026978
6.641898334026337
0.5520387291908264
2.288997709751129
0.7619746029376984
4.825985431671143
5.577155023813248
0.5923444330692291
0.5752350389957428
0.506605863571167
0.7241595685482025
0.47145555913448334
0.41732580959796906
0.49298302829265594
0.7523210048675537
8.054605156183243
4.956406146287918
0.5305229723453522
0.535039946436882
0.44550447165966034
0.6840074062347412
5.4903994500637054
0.45524951815605164
8.36663243174553
0.3527587354183197
4.782724276185036
0.3766344040632248
0.5741183161735535
0.3880505710840225
7.998533248901367
7.036776095628738
5.574618861079216
5.302237093448639
5.948504328727722
0.5293053537607193
0.6387882083654404
0.47814497351646423
2.1662097424268723
0.47014087438583374
3.7783342003822327
3.602564975619316
2.989153429865837
3.097477674484253
3.7123048305511475
0.48685604333877563
3.127240628004074
0.5270893275737762
0.5921072661876678
3.399191290140152
0.5347648113965988
3.5038755387067795
3.4073365330696106
0.4991735816001892
2.8251052498817444
3.4526176899671555
0.4838291257619858
3.5328405797481537
0.602402925491333
0.5010321885347366
0.505361869931221
3.66172131896019
3.5164888203144073
0.4945031702518463
3.7277278900146484
0.710049495100975
3.461158648133278
3.1835999190807343
3.1174498796463013
4.038852214813232
3.4220483601093292
3.2631906121969223
3.3829170167446136
0.48327942192554474
2.896678864955902
3.469973474740982
2.8531310856342316
3.686595857143402
0.4587746262550354
1.244031310081482
0.5391173362731934
3.7123235762119293
0.5288572013378143
0.498772531747818
0.5112044811248779
3.5416274666786194
0.5166922062635422
3.488734871149063
3.489306300878525
0.4976358860731125
0.45016713440418243
0.5305045992136002
4.1496168076992035
0.45359763503074646
4.736002504825592
4.2118821144104
4.036859750747681
4.161105751991272
3.5422021746635437
0.38513486087322235
0.5456869751214981
0.3846859931945801
4.7176322638988495
0.5625004172325134
4.141433164477348
4.665136784315109
6.058170318603516
4.297857820987701
3.8108267188072205
4.375730931758881
0.48445409536361694
0.5134714841842651
3.906806617975235
3.7535165548324585
4.918890580534935
3.953015238046646
0.6309477984905243
0.51081183552742
0.7446167171001434
3.6629864871501923
3.9977176785469055
0.448702871799469
0.46186497807502747
3.4945864528417587
0.45123982429504395
4.170988738536835
3.808164268732071
4.02521114051342
4.662825405597687
0.46834298968315125
3.8359877914190292
0.5089731812477112
3.338872119784355
