3.743901252746582
2.0493097774910205
1.8763539068626636
1.7357006976098726
1.564585718241605
1.4164103016708836
1.3956905097672434
1.246234574101188
1.1778038993026272
1.1659454287904683
1.3725426467982205
1.1797128157182173
0.9764187624960234
1.1554825107256572
1.091955927285281
1.1073743086872678
0.9482075770696005
0.8641266497698697
0.7617050698309233
0.7760826845963796
0.814498139150215
0.6748059012673118
0.6535528266068661
0.9848820982557355
0.9843633969624838
1.043140622702512
0.7688249331532102
0.7103494839234785
0.6220186199202682
0.6841865823124395
0.6915479311437318
0.7218223304459543
0.582767749374563
0.6312769299203699
0.6346538401011265
0.5637339597398584
0.5947212423339034
0.5719363707484622
0.525022232171261
0.5145120105960153
0.5230852419679816
0.5370099192315881
0.4735149759234804
0.5101838807264963
0.6171988041111918
0.5558558133515444
0.5725400601372574
0.4691768297643373
0.42556730725548486
0.700573874242378
0.500379123471
0.8650253893751086
0.714358510393085
0.6024924606987925
0.5610374853466497
0.4755426220821612
0.4338911518906102
0.6212644757646503
0.4390422042572137
0.4382003319985939
0.41789369465726794
0.47803020522449957
0.3967365432869304
0.5981474022070566
0.46421931638862146
0.42316045408899133
0.4321919219060378
0.29426877787618927
0.4581577588211406
0.3597536768877145
0.4892896684733304
0.3923779337695151
0.4324603947726163
0.521875206268195
0.5709355040030046
0.46209342732574
0.6229704004345518
0.5782657816554561
0.4825572059913115
0.49138760205471155
0.3839441691384171
0.5345332211617267
0.4558905990737857
0.47617993255456287
0.4946662530754552
0.4425543108672807
0.31305505832036334
0.41736797988414764
0.37174587042042706
0.46563799453504157
0.415056565042698
0.39267242993369245
0.5336161264867494
0.5110650766979564
0.402684718821988
0.3660551305070068
0.4632278712409915
0.5257184356451035
0.402570237716039
0.3187171753608819
0.5260138592936776
0.38776094127785077
0.3163871837384773
0.3159260871735486
0.3110887182481361
0.2618712954448931
0.33775421706112946
0.40949744708610303
0.4236475337635387
0.7146185221094074
0.5046349303288893
0.419415066188032
0.3286486128062913
0.33702121675014496
0.41007583159388916
0.30242784953478613
0.36314155477466004
0.3944109140923529
0.4201909651358922
0.4102655215696855
0.34113861891356384
0.4912815522966963
0.3564339018229282
0.36839375938429975
0.3053769500869693
0.3185316829970389
0.36850834795922943
0.26379105403567804
0.25155088982798834
0.3987780317212596
0.5136960708733761
0.4895275609962868
0.4809545933297186
0.41185334279681696
0.36168590368646564
0.4540434086864645
0.27708873920368426
0.28044626026442554
0.39340411036303546
0.39367390446590655
0.2583786897135503
0.2134085898146485
0.334060913234046
0.36763918580430927
0.46004197091767285
0.30276034411155817
0.31004317104816437
0.22477182700778497
0.294808492064476
0.3149412911046635
0.4304777212215192
0.4148690140608585
0.47311760304552136
0.33646288830222504
0.3327771524588267
0.20007543581904788
0.6994099183516069
0.371068509239139
0.2679593734668963
0.1893996408942974
0.2915114755883361
0.3056108328429135
0.3546109718806816
0.2656093244299744
0.25581330422199133
0.390377937392755
0.3060787419478099
0.7406896406953986
0.4380930486050519
0.5134395835074511
0.4506049427119168
0.542951172951496
0.4880638203837655
0.5971444637486429
0.49573448300361633
0.34594050952882477
0.2675592759341905
0.3027476839946978
0.38964359191330994
0.3248764502279686
0.29412775283510034
0.26195263320749457
0.23070212476181262
0.2931858310193727
0.33694245237292664
0.34033535872444964
0.4993245574561032
0.47790997407653113
0.36665090918540955
0.3064662172938838
0.36475686593489215
0.2546653047655568
0.337156833347046
0.38565681287736603
0.39199213819070294
0.4782577315063188
0.3159240037202835
0.29672408149097906
0.4167585883176688
0.25241044479789154
0.3419950762481401
0.3727284529895494
0.35985288565809076
0.35288467461412604
0.26251520148732443
0.27736315763357916
0.27042112296277826
0.3476034373496518
0.39741787495035114
0.2924067147753455
0.2580528895963322
0.2589501266678174
0.24083966784404987
0.25067369143168133
0.23302622749046845
0.2680009693810434
0.4829840795560317
0.2399521086252097
0.28114482444344147
0.23492439452445868
0.24749024776798306
0.3233000563852715
0.30431821355313965
0.2836138326110262
0.3407189990534927
0.21437059997609167
0.2382751822923169
0.7656539186383738
0.38629624157240894
0.22838814488866113
0.3008003988952348
0.5012331464976976
0.262874754540848
0.20602476280747037
0.2072944828506672
0.29495644321044284
0.33101648769595404
0.31951889531178906
0.25688702590537793
0.23715350912375885
0.27078456499359826
0.3202077414501797
0.19717368483543396
0.24790541850256198
0.24301513081247156
0.3096582568956144
0.3069817934072379
0.2824850206573804
0.34872039475224237
0.21634316625017108
0.19239262423732065
0.3142883976300557
0.24284961029435648
0.188326857984066
0.2740188015229774
0.23199939118190246
0.2467819391326471
0.2892044653946703
0.25372259883266507
0.2280704997705691
0.19770224776231882
0.23268231072209097
0.20729338535756775
0.2460339389967196
0.1650154929269444
0.3831399930923274
0.24455683249415774
0.2122854646859747
0.4056574819665967
0.43077462189125293
0.320340427033829
0.2988642912470933
0.28297173841433093
0.22079348677035535
0.22410300554651202
0.21275530823252417
0.3334020665197661
0.5191077630628239
0.29844291598507855
0.23022465746511112
0.25343383329384256
0.34684760529886594
0.2918271887483019
0.4043959288886099
0.49522562912016205
0.3947752777374152
0.25219354688218143
0.2514750040841825
0.3077296275984157
0.35174373424414435
0.34567059034650977
0.2649318772283467
0.2774890950231841
0.34993504190986807
0.2675462152921792
0.48237050166635803
0.38116333159533416
0.30923446922591236
0.37388782745057886
0.2598359679633921
0.34032503334861813
0.32105185588200885
0.24524710643472095
0.2565528612696763
0.2616686344598279
0.24396099466266055
0.21775058250535617
0.3335111037348256
0.2941293407118682
0.26969476676348486
0.2359324429522861
0.23762711227843256
0.2169810337099162
0.34107356270154315
0.2408753911202604
0.18471944535320456
0.37625196734161087
0.225674903754032
0.2814572137413603
0.3862607045607133
0.3179690101833055
0.36306860997821344
0.2726265327496962
0.23321939824205457
0.2781521854075519
0.20071393770701956
0.3653959446784222
0.2964579115311305
0.15230540637717102
0.21936030866521777
0.21109801756613183
0.43081520678419055
0.20793362526279507
0.17909054751649048
0.17685239626602692
0.24496203096527042
0.30545487525788223
0.21432616810003915
0.15826917699340617
0.3399706929922104
0.20116952829288715
0.2329370528459549
0.1706984932675506
0.24504127951733995
0.20958265707348334
0.17854994309670996
0.16774256696755235
0.2142457219235825
0.2749122410561099
0.28305489502169867
0.2706541057788964
0.24828341535546564
0.18989584504654913
0.33781103564031195
0.2234709718913743
0.2330275463561217
0.2802790956515254
0.5264492463884931
0.4008024384578069
0.3250519520405567
0.3568378592079336
0.28803978341095376
0.24823340480074738
0.22407928538141828
0.23220076863512848
0.23055438087745148
0.3999396330027869
0.3492963223746329
0.24723161915034958
0.2600773511962457
0.2750255939635364
0.3343802117037051
0.3945547834490285
0.2740928381681442
0.29403250100034656
0.31864284972349805
0.28122303770347074
0.3548845395897374
0.23594081221204816
0.32148621660290344
0.19347122266437067
0.2695584629069675
0.2493530735373497
0.23602245996395746
0.22792267347827103
0.23081021597891144
0.33209974160700134
0.2341162817496242
0.12800533617987778
0.2580665158051433
0.2392702719027346
0.203916650604118
0.2846944833343679
0.2194901043266961
0.2764172786564538
0.19939002597873862
0.27370122774983896
0.49101563881744037
0.4055607982657172
0.24203465179060446
0.21081294254823166
0.19582332806153732
0.17485649319309177
0.16137820549986578
0.1506012881344015
0.4016849236054854
0.1419689773835919
0.2977023526574626
0.2706209466312871
0.33206134831363504
0.24044628734841492
0.21778724478049713
0.22961647086071246
0.22552485131856168
0.2739922325267936
0.19552658836949954
0.19859760186888956
0.20653001952803496
0.2064695062510895
0.21751255767815042
0.34264710635849926
0.2977466384569804
0.2820544075785261
0.27346625653180207
0.21166807887229053
0.18361584774472497
0.18026706553769833
0.2728041715242646
0.26409870047460904
0.360274474503416
0.42733004553751514
0.24604846379070572
0.14985507455739108
0.236178688027642
0.31652146555257565
0.15281943435018713
0.231772383731423
0.14746614319808554
0.18644527007233014
0.18554545803503555
0.21595510411443133
0.17355358600616455
0.39747840459599637
0.34334644742987375
0.21521763932524304
0.27169045986551227
0.24231058133370947
0.15366719369635437
0.1230796312518192
0.14360819373166922
0.16161182342153607
0.45865828679366544
0.30557174348469934
0.2857406342571432
0.18938387749773083
0.1916679281628493
0.23487386671882687
0.23346840025800647
0.36571222069588577
0.27388630988019885
0.28546008851492044
0.2371043192617821
0.1634418214812423
0.22266962198597012
0.22367095924688107
0.18028874943653742
0.13835198008878666
0.19506686180830002
0.25072274537700595
0.24151142505985318
0.2206538567940394
0.20144200641097446
0.17493413614504266
0.1945846430731542
0.22405267213330124
0.16055344146761028
0.18116483148751836
0.22992178684834277
0.16294063018126922
0.19393171482917035
0.1773590725479704
0.21023249739047253
0.23862434901071317
0.31973083836562705
0.22596956473408322
0.2597398560381297
0.1795407124992573
0.24505074525421316
0.24768091173786105
0.20707945345026074
0.1725171822490114
0.15874220035744435
0.23592157797379928
0.2721111316120986
0.17703396488319745
0.14783764845042519
0.19249708340926605
0.23713163760575381
0.2458041856686274
0.16220807735667084
0.21069291008241248
0.16652582314881412
0.2039625249577291
0.13300555775111372
0.16562220950921377
0.19496409211194876
0.27697353561719257
0.20240988582372665
0.17473580135088979
0.13836010669668516
0.2837817186884808
0.15798522949670302
0.20283450129808803
0.24077405137094585
0.2654696906154806
0.16491997919299387
0.2865079271070885
0.22793212668462234
0.15885920946796736
0.13234515838099248
0.21710771051320163
0.2785721832152569
0.2624371266274741
0.22562093671524164
0.13788666689034665
0.1947935435808066
0.24529138602542155
0.3910506742470192
0.24817667788628375
0.28858497671105643
0.2887964068037091
0.2584586050925833
0.28740396621552383
0.2716680600336104
0.2287492420185696
0.3185962237643473
0.25471479694048565
0.20460233972831207
0.21078618017561507
0.22858576499151462
0.2463845612876343
0.18471740344257065
0.2426390532742847
0.30304000955639465
0.20589938895268875
0.17639974030581387
0.14254258821407953
0.17901280702966632
0.21655679020014676
0.19194703436259067
0.1580970145084641
0.17032443991664684
0.43777278788162
0.22737784683704376
0.22279250034780212
0.21352464897614537
0.16806694966825572
0.16172114398443338
0.3085112673315135
0.37094919202905713
0.28705934209353995
0.35954375519896997
0.3104319333127051
0.21080091798847372
0.39887299411224597
0.23998532624858798
0.1921879414356116
0.17644723640246826
0.28833461248061876
0.1955408581504316
0.2297246124256741
0.16568161310120064
0.1566465963242632
0.15240843910159488
0.28539403369932465
0.23861635860168573
0.15445253817421017
0.1848300410942598
0.13671818003058434
0.13541212982752107
0.21214634371977864
0.1764264569589586
0.20078373011766057
0.19122366426569043
0.2719448863556891
0.15041109784082932
0.13608393208547073
0.1587636387257865
0.1810205200630607
0.15970656953074716
0.21029799408984906
0.28822152881008206
0.42333816533738916
0.25404820749253937
0.2679064937613227
0.12989351108218683
0.3212026727922035
0.5813181788632364
0.2098224756844116
0.3048637683192889
0.2021132849834182
0.24959054611849063
0.20495183551401802
0.24711551494670636
0.1812013407999819
0.17377317211393153
0.1294293955645778
0.16737069336302351
0.12629927062627042
0.2109243908163273
0.22917967492883856
0.14240120080384341
0.30396327082857943
0.21192427803621147
0.211641543516607
0.1990769665801164
0.19749453562227162
0.2182415999246366
0.282107633848985
0.22990938174453648
0.10815625908699902
0.14361550060637068
0.3151785320404804
0.35612482261477096
0.2613355659625747
0.2556248151443221
0.22715887043512228
0.23917790513598558
0.21628711801586728
0.31031563065268775
0.15912176217093613
0.17823983254757794
0.13873265943292415
0.13892346733447278
0.2152076961867737
0.2275560794003082
0.19896281837965502
0.15790088994033408
0.23713243425343977
0.14327504271359154
0.17600570370753607
0.10789306247324655
0.14301487961501785
0.0992717117522702
0.2847651388834823
0.25354767726226285
0.248371936155088
0.1659256275178808
0.11902340941808441
0.16052379538163994
0.23566440808953662
0.2990520429430586
0.24430054584235855
0.15362616696140982
0.2985357608307492
0.2233210402456197
0.20038527430910053
0.18554203167106165
0.21631098730546056
0.27914985811168497
0.15597012909975919
0.15140538177255428
0.14483608271587978
0.23594259290081082
0.15427244917461366
0.24752814435597623
0.2325868865079952
0.141452382459785
0.22620654422225375
0.14524073074712898
0.11332668612400691
0.14426615151266256
0.2852551354603334
0.28237219899892807
0.13453080155181163
0.23722759950341601
0.14761861086343275
0.2785917324098674
0.17556680738925934
0.19630627447005475
0.1413515643639998
0.1468589034947482
0.2658106978192474
0.2616696177106915
0.19192749465053732
0.1453929286111485
0.24328453443718678
0.18940314131252695
0.1995523741299456
0.12604037073977065
0.11721202968196436
0.25256213094248914
0.1699172822814999
0.31661516427993774
0.1656256870112636
0.22295318295558295
0.1654425116650986
0.2954737857887239
0.22877116298133676
0.3655024209257328
0.3404998950886004
0.17869604401516193
0.15521810486009627
0.1506787340975169
0.20652926351987955
0.17990784764741408
0.15428694168275053
0.14803408932956783
0.16176520683097118
0.17156715160517982
0.23669852090604376
0.20387095416134055
0.14720486239953476
0.13269877806305885
0.24415272282380046
0.3285616746906078
0.2324215340794939
0.14738077568736943
0.2663728302401124
0.33631505862329947
0.2015689191493121
0.2576285766606981
0.26453879611058667
0.21657010743563826
0.2027905427596786
0.22175770591605792
0.1619080031911532
0.12350212331071045
0.18929129522858243
0.22951177835012926
0.09614445946433327
0.14529095578825835
0.12111715137055426
0.26178254062930745
0.297383922744881
0.13346307386051526
0.35448606876712857
0.1913644876895529
0.246903438233968
0.30252604005914746
0.20630843689044318
0.16650454225865277
0.23779449284528242
0.2545855548797232
0.2824782909769
0.1550781066444787
0.31034862487153575
0.23258206474058557
0.2813570018519055
0.14028402598518314
0.247224464561
0.274050736291842
0.172560410178972
0.17450821625463891
0.13642665134234863
0.27391573402917746
0.2749486574620912
0.278711528489084
0.21041307666084982
0.18268493472626715
0.15498719533736055
0.1843239882904472
0.22096360158739667
0.15334424726439244
0.2361192830810041
0.18677320150714932
0.25800868439854996
0.25459418310360477
0.12983591877149814
0.135430227287791
0.11387904089960185
0.17722902520362174
0.3418429256840186
0.18590859030232285
0.23138191957365384
0.24829708513888446
0.2776685591899987
0.2040649548624501
0.18615673572728128
0.19559720881057507
0.23601433623469237
0.12496581549445789
0.19488542730158026
0.14525184159477553
0.1964908457840934
0.2459904947741465
0.2026372839781371
0.16621606266408256
0.18447552440744458
0.20452027542121481
0.30047904203335446
0.3633852388822671
0.22775233367627318
0.1513852310000044
0.13629997431328802
0.1496042717586864
0.1552212280080174
0.2652675500421813
0.27104806403319043
0.23276095137451636
0.1943147046999498
0.15557108029271616
0.12839006824475346
0.13289913286765417
0.18493716633229546
0.1394783647900278
0.20550051218632495
0.21802724626931277
0.13645119767523173
0.4099595747662313
0.20761077670436917
0.17951504502332571
0.11811922039046432
0.09601796559537902
0.180445358947371
0.23070262011253473
0.17313646592877127
0.11898288808085701
0.2404306705363772
0.25081491583224497
0.42531256355119473
0.18712910467928107
0.3067694633747592
0.21521550281481308
0.15602381403247514
0.2483987186216947
0.21736660407799663
0.1189003186018178
0.16092159192670474
0.14545730061151765
0.1549120984519973
0.16065449832063733
0.08454102447087114
0.19536596683390212
0.28988072806687065
0.1551817756033305
0.17077523650545062
0.22990088266405193
0.24532406867453546
0.2026752523626342
0.17821399133765337
0.1247586306523193
0.1354679028418931
0.10718917959567273
0.10738108013615463
0.18257270911426254
0.19801377787282973
0.11091645694140231
0.16439715468070723
0.12727495249022136
0.18275889460787628
0.18595031773050627
0.1619281583663189
0.14891515435142952
0.16091375854430776
0.2256348506745064
0.24497007285103653
0.12409876670801279
0.19773770439805408
0.15395168587565422
0.23936010033569552
0.16995202083930824
0.1662674049536387
0.19369627727252064
0.17943451553583145
0.1294789652932774
0.14102025301844784
0.21701271425593982
0.13339090087648595
0.18138217880870355
0.16169675360574867
0.2651200971820138
0.35305948668357096
0.1885921401959477
0.1693460340752746
0.25901345671577886
0.2935411542879813
0.25571196526288986
0.1535806360118317
0.17437864602966743
0.304263235154477
0.2741664592741114
0.17072236108960528
0.11593607751031716
0.17794109485817677
0.22726799479939722
0.19748903957731795
0.20220343305757552
0.2327775624439572
0.20866144504962544
0.14719124657638144
0.12628235984029193
0.11920545368709347
0.18072551116347313
0.1309503507659291
0.2078651049823472
0.14220799573443152
0.13366204138958093
0.25142560199354635
0.24292503681146738
0.2660355803867181
0.22641282731836493
0.2847391531774492
0.32006343431545026
0.1521449297892325
0.16007631035013634
0.20552270261175704
0.15516110464478983
0.10545677358679699
0.0738022874927882
0.15535100707502075
0.18596602197397838
0.09109131833820631
0.0998171843927015
0.13493974100459705
0.1416530403675455
0.13472255420955745
0.22698376339041826
0.13210829070797472
0.15322973150195499
0.14259722857086948
0.19377753940044026
0.12310476555968776
0.35114532483346533
0.12920470976016737
0.07952384707151038
0.07934558707656282
0.14814406339869354
0.1436674961763801
0.24925373855865363
0.1914235003518336
0.1552867383667917
0.1255425341201551
0.1078216132679672
0.18163639973058845
0.12989320831768442
0.26157652936650044
0.12966388226910072
0.16053848154842854
0.16568379521821486
0.15152309959133467
0.28594151839162363
0.1826624075571696
0.2725803664687908
0.14086138513503652
0.18872536380182614
0.13726707897854573
0.10311423016316963
0.07489130188795654
0.30617433092133567
0.3687899519096721
0.30554467100988736
0.0909901824638699
0.15102498730023703
0.10791800075182409
0.13452524928884071
0.09385377253321084
0.13464960196253026
0.21213025306210373
0.1329202071735353
0.17847959911732963
0.11855938776650211
0.0734682868545254
0.09867967738572395
0.18180145419230967
0.31141646116068866
0.41357113827358594
0.15323064747181805
0.2489938083471674
0.19077626265811198
0.16669762332105276
0.21368228915062817
0.3703256029297005
0.17360021715814417
0.20094757425514134
0.10097450356591832
0.13927588194157137
0.08732930288621873
0.2838185927971746
0.4631062935699116
0.19836373074036656
0.21855013546618549
0.1385444812476635
0.12511317866543928
0.23217214406891304
0.10951717152740016
0.11483646861531517
0.08375161699950695
0.13662993642642643
0.1399882703906659
0.12414464608512142
0.11192422089251605
0.22281068924701575
0.13713868120403
0.13421907671021693
0.1288558847524903
0.13330913312507398
0.12528288624051845
0.36862873415829556
0.22935861800656174
