2.882587461559861
1.6845683455467224
1.5455666460372783
1.4110436583006825
1.2478107396099303
1.126384668328144
1.0751276739217617
0.942489367392328
0.8682907047095122
0.8429590060755059
1.0044490115510092
0.8401730408271154
0.6849304175487271
0.8277944094604917
0.7822029576809318
0.7909962590093966
0.6843458190560341
0.6135212072619686
0.5298506990075111
0.5553918246317793
0.5843624097329599
0.4655632309063717
0.46335360794155683
0.7020049496657319
0.8443540527864739
0.7137218630976148
0.5460909356673559
0.49006564142527403
0.4577628194733902
0.47145092694295776
0.4968371167778969
0.5141846297515763
0.40479906772573787
0.4362606814614049
0.4514379882840095
0.386775232506571
0.4263554968767696
0.40201282466727273
0.36509364953747503
0.3641218726557714
0.37227473628741725
0.3727040479856509
0.31897099792129463
0.35210640845751323
0.4280076605026369
0.4004940717584557
0.3908380247928478
0.3271207519703441
0.30134521300594014
0.47421089545996103
0.35136745111257944
0.6201895068365114
0.5086530277298557
0.4256303456646425
0.39353704756056823
0.3459933067637461
0.3211051135979317
0.43300719448813685
0.3237756327898414
0.3056289940658543
0.29304237222229995
0.355709932744503
0.2763130199854021
0.4131434838528986
0.31880898028612137
0.31190621480345726
0.30312060385390566
0.20550575921380962
0.31346498443572607
0.24942009109589788
0.3283528392720554
0.28050146983177576
0.3010675923001987
0.353787402725882
0.38365916155830576
0.3233673697406495
0.4598376154899597
0.39897219788421084
0.34669472125393375
0.34380810155912683
0.26512590712971157
0.36466061544639095
0.3254452715455382
0.3382286266596229
0.3614704632372768
0.30645097040191843
0.22762195869452423
0.3020845290825323
0.2581457203185117
0.3363175276252959
0.29567549508754853
0.27281820667148743
0.366476377679242
0.37053551497282805
0.28522783931758666
0.2631788789122193
0.3317405239299492
0.370749921158508
0.2838312373669059
0.22044904371378599
0.3679289563248555
0.2969314673984492
0.2228720746934414
0.2201800405703209
0.2151388515614801
0.18999201131777632
0.234853299231165
0.2853227060771099
0.29998177683187854
0.4870124768327784
0.34993949311750905
0.2922786054097944
0.23053329872588316
0.24349800235143415
0.2951251184222875
0.2273534085187647
0.2565843970687301
0.2728037849344589
0.295269260527911
0.29072391600520525
0.23517113472162574
0.33653405736441966
0.2582290615472529
0.26416758565163173
0.2133031109071992
0.2395809899877619
0.2584873548260442
0.18700780685025234
0.1758574691808058
0.27763197343382573
0.368059068021399
0.328959655361595
0.33097607400958184
0.28893406592585424
0.2498818240645859
0.3112258818000555
0.19721488254489722
0.19797061373376185
0.26785230691786166
0.271491224291148
0.17918572247166326
0.16080465778294536
0.23476051642662948
0.2840300830150092
0.31344654935377614
0.21077157981279823
0.20978937022112035
0.15544671078936922
0.2017537628610929
0.22563671203399147
0.3002270349749812
0.28546360742162774
0.33731984560964284
0.24085597369681905
0.22885590940024014
0.1550737763237622
0.4734761974325887
0.2622382490447274
0.1903141530023681
0.1408870652731922
0.19923914870661166
0.20858414819533075
0.24778998581071696
0.18320348113775253
0.17445511219126206
0.27342215342516146
0.22218799290971625
0.4982635934181787
0.3061585034140282
0.35870983072177126
0.31070654549532467
0.3798561654984951
0.3755083062030651
0.4049976228011979
0.3391321507041101
0.2446087064842383
0.1880367369287544
0.2070305117716392
0.2645075115961609
0.22510864765003877
0.20577118135298844
0.18240091135656392
0.16785600105369533
0.26215446147101895
0.23543361015617847
0.23384902357227272
0.34371617491598483
0.3163547410664183
0.2442256795173442
0.20740200706792097
0.2426920778773449
0.17567513538179574
0.2301028036960849
0.2699583498416124
0.26749737236510823
0.32246885552174515
0.21736608197291693
0.20774353688789737
0.2744864883522193
0.173010752139682
0.2466635579864184
0.26383410221724596
0.23533234859092367
0.24617549207889372
0.1802947493614974
0.19001173236648794
0.1891520381387737
0.24128692024559886
0.2772081485708003
0.20841168812303631
0.18324466605015374
0.18386545839409033
0.16567017532954062
0.17641645237044604
0.16050956958766888
0.18754507011423507
0.32086750913273404
0.16198903967246966
0.18860437493357393
0.16542830507926368
0.17240426396192224
0.2176575749353678
0.2079324896481854
0.19520837820514483
0.22922356395671764
0.14494318302927744
0.1684005234942392
0.5118202684378182
0.2722846078858883
0.1584952649211994
0.21192275249847659
0.3386162221431732
0.17920952650752883
0.1466890885149715
0.14210103315956615
0.20444231437243246
0.2263332390467878
0.2145013887849119
0.1737313671382489
0.1652808302530536
0.1829849627489845
0.21345190941873524
0.1336347739626136
0.167150582531812
0.17084933853604728
0.20856734254845866
0.2121157018398797
0.19100729714113254
0.22951396872048024
0.15010771510639676
0.13438676820240086
0.20944318123575714
0.16552777060618004
0.13106400783484182
0.19201995373738032
0.1568895560965218
0.1640046095923969
0.19409690707646035
0.17360135937040602
0.16742600745486994
0.14059043899868373
0.15921346394828073
0.13723853203743971
0.16810782834956492
0.12037833066036303
0.24863028895385839
0.16891960240900517
0.14099773685275405
0.26232557862790096
0.28009657832552437
0.22012448224618478
0.19732547808369552
0.18985549451921274
0.1533554630457527
0.15037954981542295
0.14986073854379356
0.2217061529625897
0.338480192374576
0.2077187297831255
0.16069041599554043
0.1712713561848634
0.23429585410351003
0.19256473222264536
0.2636877454092933
0.3737631246999458
0.2688804462172643
0.16959914482302135
0.16654850752955233
0.22910861194961601
0.241095208838858
0.23104389063600037
0.18124929177402346
0.18610226107692276
0.22648891499610962
0.184896443694554
0.32047128435914163
0.25123576250755125
0.21580366190108988
0.2525324837339145
0.17359121148991916
0.22601224585539764
0.21655015323173116
0.17126314935308914
0.17428318674986562
0.17995068844821718
0.16326875603516344
0.14711564799977672
0.22956562659668703
0.19738122600096245
0.18563926930504818
0.15623060562130478
0.16159633721259456
0.1515368781293984
0.2195373242031093
0.16019545160923843
0.12704223572035078
0.24732633773237467
0.15703629314278564
0.18686202523746975
0.2570089324446464
0.22416092158743628
0.2464047413388336
0.18241042402331475
0.16326076016519908
0.18292936344665509
0.13802721663550646
0.24192264965838856
0.19345323203338516
0.10398014174360368
0.14424742273641405
0.14135364222305793
0.2830737398730384
0.14195373368070083
0.12835456842246154
0.12230522357168849
0.16499998906834257
0.20214735057756858
0.14366148527780617
0.11633412984061849
0.22352908953541406
0.13577823382284906
0.15516424872395065
0.11490703810489288
0.1646035993816676
0.14605309486527135
0.12037884752714524
0.1265161085046
0.14614058589493786
0.18124042239247096
0.18557948945090175
0.17934804237275212
0.16435900459893876
0.12893945620291763
0.22595069971349505
0.15352770696497625
0.15958506941657374
0.18598226357803302
0.34401049333865996
0.26547096895605876
0.2128953960965629
0.23600604590373458
0.19017188670113683
0.16152619530826254
0.15352149935508216
0.15497036607660078
0.15149459141065125
0.26122527445356053
0.22879505450664847
0.16812230324096702
0.17495803005510457
0.18704785782567881
0.2288945054428445
0.2594250494234816
0.2015580998181745
0.19331273005378466
0.21742173398120535
0.18481408157903287
0.23523645854934497
0.1572142647475832
0.20815281569957733
0.12970288146149228
0.18634934012812596
0.16449636317513608
0.16811479162424803
0.15743289156644433
0.15420014139575264
0.21744954465302052
0.16353157481730538
0.09302251837733719
0.17366917674533194
0.16353296457479397
0.14126248305870426
0.18836030115683874
0.15026029339060187
0.17964963295876427
0.1415129068514539
0.1800693341496366
0.3105557598432319
0.26664171184206176
0.15745086935176342
0.13948608122559059
0.13274435614477154
0.11588792506329439
0.11082534464421095
0.11309350999417128
0.26223841806252796
0.09986967124752011
0.20163925971697877
0.17952464777907287
0.2143617126642278
0.16025857889541872
0.14623615925234776
0.14950081061882278
0.1484336924083807
0.18271273593590767
0.13406458353899695
0.13317624929671487
0.14338521719737737
0.14073795594137023
0.14647089689970016
0.2194672605988604
0.19491146668722784
0.1892765557600392
0.18118949158600084
0.1498532005654717
0.12519040900386041
0.12473660469469097
0.18681769104053578
0.1724161283733944
0.24398674636527343
0.28595014651202494
0.16627011953473644
0.10299019224907237
0.1611210993077192
0.204911719886931
0.10764096503973836
0.15361522619302073
0.09870838215229688
0.12253248243144264
0.12134863345676826
0.14235205446473426
0.1175376639218518
0.2743883054289553
0.22450824280234952
0.14529345946869365
0.18545874953269958
0.1639320795872697
0.10227247922577792
0.08552666106778714
0.10165920431070306
0.11065529649042422
0.30004763492831477
0.20404447009786963
0.1887764173421871
0.1281950253803559
0.12857101574816085
0.15838606753903958
0.15705492249172595
0.24586933599440036
0.1806468118534044
0.1863566260026009
0.15406308912982544
0.11046220762310205
0.14557390052963187
0.14984769625934186
0.12089590839524236
0.09269632674167277
0.132005685750671
0.16544791831876393
0.15798958622919465
0.14571634447202086
0.13076112479730337
0.11529716502668129
0.12880259519442916
0.15307271888445098
0.10669842752179613
0.12026270420325023
0.1509557966125646
0.10787200408608273
0.1291018378817373
0.1226568523345998
0.14495090143410144
0.15903522546782536
0.21712536471723407
0.15151847533329768
0.1888586692167101
0.12440904521348851
0.16030562242182592
0.1703886135170857
0.14103002409899124
0.11906952581678827
0.11083083119484838
0.16121048049104433
0.19063122035866534
0.11704119457863271
0.09965411409804667
0.13200107781664916
0.16214635600853297
0.1616614352290829
0.11422818236018496
0.1377614413784748
0.11326761357486248
0.13475514514613207
0.08978417343287556
0.1081427774840483
0.12964916245632427
0.18122766307486152
0.13157050552157065
0.11588884047577502
0.09855100258977877
0.19148056071113656
0.10416709024597097
0.13098748697450868
0.1569847240354176
0.17677611848166971
0.11650615341581956
0.18487695034558851
0.1473629249828971
0.10585667954378382
0.09150630521967455
0.14807416066630846
0.18022745992574427
0.17048491046039593
0.1467258281039971
0.09585047381309171
0.12595017070675063
0.16252588527277112
0.25280753347194856
0.16308727056753855
0.1847568453737983
0.19312498735746852
0.16820118006284315
0.19887410701011066
0.179244030430844
0.150611398538954
0.2102354159406214
0.1685745142210551
0.13627643298564684
0.13688018548957728
0.149004267839094
0.1607342747091833
0.12154371143939595
0.15755039084426783
0.19478042261606013
0.13645876809540722
0.11921163225822427
0.09609551335409007
0.1253671640254281
0.14454476806093697
0.12801791540416027
0.10414460353139374
0.1134414891022499
0.2918087084674173
0.147025651048386
0.14660317747405283
0.13707682244583136
0.11670785881923856
0.11137926614739829
0.21018719700751481
0.24807909560493296
0.1877997029158804
0.23519895275778793
0.1985709094701128
0.1387802440698983
0.25850231138368446
0.16069528234570665
0.12860981876858407
0.118657542815156
0.19053051606924445
0.12842135367639088
0.1513171560579428
0.11400304519122949
0.10448540472942922
0.10418548643658007
0.18380840496091103
0.15436029908488746
0.11029137573981036
0.12490135299352308
0.09379750109036211
0.09116871944732136
0.145283837871695
0.1239264109171927
0.13760970187959848
0.13030015943675405
0.17712884650703659
0.10192174054854722
0.09202147968527344
0.10871804284397513
0.1175704292125172
0.10338999634970808
0.13969775541961468
0.18331195140705892
0.2689678933712895
0.16638210667642178
0.17858045763784536
0.0852959406889837
0.21150163424856686
0.37064207102068597
0.1378927972184977
0.19885000918508955
0.13208422357975333
0.1646478670925178
0.13877091622325005
0.16142665017051278
0.12259961130028521
0.11426277621649206
0.09193661941767291
0.11170940405551207
0.08624951461226577
0.1368306228477094
0.15048966404154068
0.09560050888642392
0.19835483672580234
0.1432906450117352
0.137400866072211
0.13245694409124553
0.1311526650528389
0.1437048095157715
0.18775156730165085
0.15352343252204634
0.0744375899710037
0.09476184062832207
0.20529858116060495
0.2460881912804864
0.17046804965853138
0.17446464107854776
0.14725519274361432
0.15635748099777158
0.1459994025838872
0.19784707782997024
0.10366911685991066
0.11528000290747042
0.09160790639860486
0.0938402960266642
0.1517238308572107
0.14470202963868226
0.13202695415734692
0.10478515328873915
0.1592760971419651
0.09550878554323895
0.1154632756434795
0.0765881481476956
0.09433255423533006
0.06906006111832405
0.18543049215373617
0.16521888764368164
0.16129198973067105
0.11415447071367116
0.0813019400359028
0.10542960779706913
0.15042994199838075
0.19645523259209263
0.15815237091630008
0.10148553166072816
0.1962365232821968
0.15667113804913782
0.14076772308046068
0.11903184227628151
0.1409137366615512
0.180188393789447
0.10096796312265927
0.10524438985588926
0.09571611776051146
0.1615447109668619
0.10351588364035168
0.1687193904934382
0.1488992724550405
0.09551627552826647
0.1446127420274058
0.09562697608230843
0.07512738854037943
0.09361007536278555
0.17880486510694027
0.18385628243494365
0.09446471082736496
0.15139513648184086
0.09725163194040458
0.18264959840517905
0.11749844066798687
0.1270237163623312
0.09250823624380347
0.09597030138010504
0.18467893235868327
0.17171602219308693
0.12985940484537017
0.10341857381475468
0.1578502199543571
0.1396998610537223
0.1334390634049972
0.08286877520623859
0.0789316516990463
0.16923465048549352
0.11138513270351622
0.20373861050164258
0.11141737072763068
0.15453199671443413
0.1139930998561559
0.21225807431188445
0.14735776479183524
0.23457296647959286
0.2285270216460857
0.1255985727119777
0.10208065672432659
0.10086872306203952
0.1363078275160795
0.11706232282126115
0.10151365749468957
0.1026329754041163
0.1063272511948728
0.1147863490731214
0.15439976334433864
0.13498720607754808
0.09810560270798979
0.08894656472666948
0.15944327243293324
0.2140514567339172
0.14950699193610084
0.09998148982413113
0.17277060318048354
0.2105509586442538
0.12906453867132464
0.16620504300765418
0.17610593885183334
0.14613189417178984
0.13519694090441423
0.1443128652991382
0.10575615292139075
0.09206564777910158
0.1239792225856541
0.15011819001908103
0.07233157319327195
0.09909641110614219
0.08082468240711561
0.1653853798224763
0.19118560879508517
0.0869066071420632
0.2238595936085201
0.12409527214347488
0.157968983028291
0.19688039057439677
0.13878419201959064
0.11070900055993763
0.1562147530451141
0.16734949719264275
0.18013543222547956
0.10872020922532236
0.20237255912205135
0.14966645550534682
0.18171973610986714
0.09291282418201229
0.15857170199699425
0.18161386175564043
0.11359995878646495
0.1224171263941874
0.09410661620657063
0.1772326974939831
0.17737496360550048
0.18299979840715727
0.13853254208893137
0.11806958812047486
0.10045767490131159
0.1203079270026474
0.14913120439827995
0.10064226904176865
0.1573030577144689
0.12480246874124364
0.16703454485266572
0.16542689047788303
0.08629014265844254
0.08905961504206061
0.07814295997808653
0.12125462385032464
0.21738723917277875
0.13199683903130116
0.15510569562859558
0.160095913710797
0.17951897446376583
0.13126489421766666
0.12276524751602362
0.12876461613578377
0.15297866292746254
0.08243060220222644
0.12710210254967766
0.09516906242438213
0.1265491616472395
0.16034006473125406
0.13680907200883935
0.11503245717742377
0.1312695783994126
0.13320594573289984
0.1982047950366029
0.23258244655853896
0.15128622211395176
0.10158729124210637
0.0892908919205958
0.10107687721028924
0.10445722883256774
0.17639456706604473
0.17654923466034234
0.15333207193503362
0.12380418790228388
0.10455383395310491
0.08543146671554833
0.08747974711608279
0.11985407674823094
0.09143211506307125
0.1354831015880875
0.1416270797641051
0.09114719553057242
0.27521319576987513
0.13686638206450474
0.11732047548759039
0.07800764393889242
0.06349259023813324
0.12266707034885055
0.14775511339582778
0.11624922012668792
0.08002870167277891
0.16061177815276165
0.16261838325644257
0.2707823355923648
0.12158379764123647
0.20013420185488132
0.14206717437547114
0.10152708824413519
0.17064003570488206
0.14608609836755526
0.08180690488208914
0.1080379633370925
0.09842879595924858
0.10331485236787961
0.1048063126573753
0.057989777449552936
0.13243481377139688
0.1843561423399175
0.10134986762595535
0.11380986446359505
0.1524600533389107
0.16295167683037343
0.13046175046151298
0.1157226829910306
0.08253334479458216
0.08996750689456584
0.07165716505712932
0.07047052837097673
0.11768519029849106
0.131315366183925
0.07674046913679275
0.10830365569779167
0.08486227071154173
0.11869417016256463
0.12400648221201091
0.10722151967800325
0.10283639564834259
0.10546241641148096
0.14363349426141078
0.15692924174342165
0.08141697379243043
0.1295143733042534
0.10095938471904783
0.15450396464654692
0.10952507145271671
0.11152230817997069
0.12568356298531094
0.11778861734395225
0.08892627963278857
0.09473264631297854
0.1482788297192504
0.0892780706786585
0.11910935830221409
0.11006729329367065
0.17380763493754245
0.2284619085214756
0.12430769372386513
0.11265898723569182
0.17206784029042832
0.19154935754421684
0.16698541696597305
0.10316087128766985
0.11236574410253929
0.19331084735933002
0.18314322475688877
0.10966760409064591
0.07470125376022663
0.11915339854614879
0.144231686256481
0.12816280143387201
0.12874759584492831
0.1602429350907052
0.13797768796966584
0.09658671517994392
0.08815770967070151
0.07811232601050977
0.11928579206923368
0.08578646965152412
0.13787690573371947
0.09290035569143516
0.09284357857648973
0.1712969484118124
0.15730853264944422
0.1720697130507755
0.1526495410232908
0.18498712698756545
0.21343033581420226
0.09697686616089884
0.10526850370957551
0.13396874913531873
0.10520699578854772
0.0724636214716291
0.052904758542017254
0.10271610065225374
0.12145529951279362
0.06425561165195648
0.06684927621218203
0.09305109937364857
0.09628385255389192
0.0927852037862909
0.1438443893696078
0.08537170658733144
0.09906162331484396
0.09357238872218188
0.12392213203323384
0.08355661712724853
0.22214324373096503
0.08443293219466728
0.05802834442713194
0.05566665253826176
0.0964905478844971
0.09329024895473763
0.16269645151785678
0.12570101805290002
0.10190614923852047
0.08851832943037152
0.07437441381625831
0.11702038676702176
0.08703751950007346
0.16582155895971315
0.08697271096968541
0.10530204384553211
0.10893968594501968
0.09939422684342221
0.18471172926257606
0.11917102335590041
0.1720242385269591
0.09166571348733096
0.12086289646793846
0.08929592401599856
0.06786878314731573
0.05198931363756182
0.19569995237031468
0.23539393106303005
0.19280333035728997
0.06231620352870474
0.09889691378231402
0.06979945569333655
0.08887070360058849
0.06872744886290834
0.0887492108309676
0.13918330739855905
0.09321975006928875
0.12368416027338416
0.08235761094019162
0.05707741970265353
0.06888877330089195
0.11862469047169995
0.20997453993186355
0.2685621894930524
0.10818653598565746
0.16084258506695429
0.1293933805147255
0.11106256041589573
0.14267243722591688
0.25266273761237107
0.1123727838922706
0.13199678878299892
0.06963228036140746
0.09899249279664622
0.06218090480952351
0.18147023936250695
0.2926015842412771
0.1286974125455513
0.14231246805542874
0.09096053955835048
0.0867161198898598
0.15240198340163463
0.07720300164591107
0.07828192999241529
0.060322689151184425
0.09344104885261643
0.09116481327348286
0.08447862663996164
0.07749554583440638
0.1423212247038329
0.09213461699309172
0.0907587322268497
0.08625820130799655
0.08901280839927495
0.08675369098178905
0.23658775634787702
0.15131778088053344
