[[-0.16258956  0.90132201  2.19285032]
 [-0.09047834  0.93968279  2.12414892]
 [-0.12492323  2.1037749   1.04280817]
 [ 2.15742083 -0.1344154   0.94008155]
 [-0.1354348   0.97748531  2.14359458]
 [-0.11829769  0.96583271  2.13305363]
 [ 0.9177056  -0.10989359  2.1501471 ]
 [ 2.17071889  1.00849573 -0.17276755]
 [ 0.88453685 -0.13766569  2.18409288]
 [-0.10804874  0.95699572  2.12854948]
 [ 2.08353746 -0.11579406  1.05506103]
 [-0.15748177  2.1891243   0.90208464]
 [ 2.09552182  1.00823739 -0.09974447]
 [-0.1281722   0.97572204  2.13763416]
 [ 2.09542342  1.00835392 -0.09970975]]