1.2343485947921236
0.9447175844325724
0.8393722027540207
0.8095560054907687
0.7784991665687572
0.7382630210242465
0.7266353590604968
0.6962476909821296
0.7160256732748742
0.688270276117847
0.6802540506737736
0.6513044646200843
0.647661347893409
0.6471313578633863
0.650461458752298
0.6362567647841847
0.621457379235703
0.6221753632446799
0.635119910686253
0.6129036490272126
0.6262859126103199
0.6023422002147597
0.5956410025525042
0.5907883471908828
0.6227183629296975
0.5942351536061137
0.6163480372653685
0.6067781577237014
0.5960426380316544
0.5841835688035457
0.5699178361668228
0.5996165084194901
0.5831689486025363
0.605789525872176
0.5889634042261884
0.586184875964004
0.5885672433516727
0.5535813947447027
0.5848534641007328
0.5579757426336057
0.585303683896573
0.5602421333384501
0.5854393967634274
0.5814132151575998
0.5598567059884468
0.5708934931128293
0.5820401038369561
0.5818653682636845
0.5584334817189628
0.5723329793888693
0.5409455497422789
0.5730185520110859
0.5567282607428666
0.5372061025267706
0.5823386562629961
0.5682388205144905
0.553644754185588
0.5558053183281778
0.5578037882422726
0.5608485592041627
0.5462088079309154
0.5463728767453542
0.568459563375188
0.5644662811253698
0.5497440771661444
0.55573036449635
0.5544251884934771
0.5619365081955225
0.5738576544930315
0.5450427643457253
0.5517662211587955
0.5656156544772606
0.552718506501112
0.5438699978821648
0.5467839317802244
0.5511465349959003
0.555933210417692
0.5613586703936259
0.5553002294081335
0.5476890490768461
0.54163263245231
0.525168885763448
0.5472985012834876
0.5330136435237737
0.5546391971884932
0.555357776199165
0.5598524241254498
0.5382236924269197
0.5291064828315861
0.5364420562942759
0.5426845145809791
0.5492266858002554
0.5446713884106368
0.5337267865697479
0.5591309443991791
0.5304114886710787
0.5331075732540499
0.5312888584812132
0.555299032979016
0.5304561424592478
0.5365004535549536
0.5625295701802859
0.5354634270083923
0.5562861322855147
0.5415925414850696
0.5593449989986471
0.5338302811520158
0.5466193898967029
0.546261073440377
0.5298213300167813
0.5499661867974454
0.5323540478184596
0.5106471825578115
0.5318291982273675
0.5377533621906948
0.5292390680346543
0.5298750337261038
0.520390782945065
0.5151955783904458
0.5224009862241263
0.5279357520560933
0.5433977348093166
0.5280065457674905
0.5489147450480387
0.5299073207693604
0.5298694111172978
0.5153311345941172
0.5376791770741121
0.5168897699321915
0.5280181679996049
0.5273873575129268
0.5321247232799283
0.5357462547811019
0.5413438008976782
0.5322458019030368
0.542819230656068
0.516102017251711
0.5264374214268297
0.5061700925525501
0.5297840627837671
0.5298058242620661
0.5349672330383204
0.5227777736329147
0.5188267748229779
0.5265444057364749
0.5251091335717047
0.5211415560697166
0.5463071776669409
0.5415334784959116
0.542105565741101
0.5198268366452211
0.5594358872940652
0.5371047404523079
0.531645089897335
0.5344559679177996
0.5169946242533784
0.5246129875015627
0.5428966601204095
0.5286834198348702
0.5196471637663129
0.5386681951180451
0.5026999874593706
0.5157673419592504
0.538483838055235
0.5139964200371208
0.5260129541304942
0.5202079585208119
0.5155813871488835
0.5166165698568425
0.5347400187916703
0.5244670443626869
0.5214779304467843
0.5173826626577598
0.5334107377357447
0.507941765551511
0.5412947466441741
0.5125222345436008
0.5260750645787543
0.5366575625908171
0.5291423276385181
0.5197535066974337
0.5268584004659046
0.5195006522505233
0.5294902791850206
0.5284689490735117
0.5116498434207697
0.5074227525948141
0.5098491905109845
0.5355913018067486
0.532576576680737
0.5211140994742736
0.5093905764809038
0.5360595445660078
0.5075664489567837
0.5410802353742636
0.5342417285045307
0.512556209636884
0.5466014910648521
0.5009717248782165
0.5231465916169218
0.5141758208190943
0.5139484544407524
0.5109733475161254
0.5251949593548177
0.516194278274814
0.5235249529131012
0.5285520371801865
0.5102397940533522
0.5323132208317646
0.518293749473384
0.5196268311502714
0.5199415211120031
0.5174237033193055
0.5186919817386562
0.5127198731180471
0.5105325585235165
0.5149371328616403
0.4950576104675459
0.5029956010751363
0.5013857247053176
0.5165465488635863
0.5320347716243794
0.5209954205152189
0.5291776966779198
0.5088070063477653
0.5318031455808057
0.5228815319207616
0.5229441757725838
0.5236675362500689
0.5317625519501157
0.5334741786146202
0.5095803349231107
0.5067551805991998
0.501878791811088
0.5003767621456685
0.5298289590073415
0.5135305047564559
0.5223836685574621
0.5123171362225921
0.5335428822988596
0.5126793471485392
0.5257191496073372
0.510420772790288
0.5299658041515061
0.5323113212660433
0.5204509990449008
0.5036573434580898
0.522108475294593
0.4864504357807848
0.5124384531806995
0.5249798759583256
0.5112807484120767
0.5123355221062994
0.5203766535398446
0.5048845219823859
0.5052703201977743
0.5129224002852829
0.5017145551426703
0.5147145802103397
0.5234764030473864
0.5110751465719161
0.5034821166330551
0.5177152864117589
0.5084561987354174
0.5204152081521929
0.5118427864727604
0.5170935140644065
0.5062972513051369
0.5178754113795649
0.5102690656442578
0.48300699041718537
0.5265267507141281
0.5260480963107612
0.5207786381714301
0.4986173808534876
0.5178758495757914
0.538501139304354
0.5264146651646807
0.5145888736403874
0.5144233267185174
0.5050235466661457
0.4968922207545903
0.5087339628157485
0.5202314104968443
0.5311058298545356
0.5253025403696024
0.5174797023925134
0.5297485118031374
0.5084787365069023
0.505953647598274
0.5023639541911359
0.4812407488277994
0.5281835437103565
0.5190314573930321
0.5043349187108728
0.5259487252089425
0.5204404793783195
0.5174666362372824
0.5182663793596001
0.49662003324279547
0.49197459909627134
0.5075631311071765
0.5162565670051795
0.5123657026511227
0.4900632235251415
0.5066387503493466
0.5164336941630826
0.49885707237642324
0.5203871633698288
0.5131867871615781
0.5384215491776092
0.49707575988732916
0.5240371805052552
0.5026934358259488
0.5162802815365677
0.5158246342882785
0.5121789596274368
0.5008380016477174
0.5138074593821492
0.4945766708284266
0.5069188529080273
0.5062626698024523
0.4901419866861951
0.5081439640703332
0.52543627024871
0.5040875831937306
0.5210575929974229
0.5104262845901152
0.5092476862980228
0.5055206911056302
0.5074945452611129
0.5129690575711907
0.48472930864196145
0.5137951845406659
0.5080757214017133
0.507647194705593
0.510056632785843
0.5325134405189663
0.505837178005017
0.5074978852684363
0.5041941934519917
0.49751223114112186
0.5052251253798444
0.5349170986481377
0.50801921935163
0.5194783424252135
0.49377434468891823
0.5067329612962551
0.5049441411213663
0.5003958685352451
0.5115194516336052
0.49589573501501805
0.5017162164072227
0.5164197795466186
0.49501086804721284
0.4912129986143679
0.526330353315068
0.5189985016014618
0.5092206074852241
0.4963655978656159
0.5185798987035807
0.5084216396571097
0.4927930390287159
0.5322011579584298
0.5232755794890352
0.5170110325233486
0.5098998356783667
0.5177593596098531
0.4993686583927936
0.49836828118751353
0.5044281128873556
0.5227412765061594
0.5210637607448535
0.514645478883201
0.5160338804837212
0.5111321152494345
0.5283145295579432
0.5129819776142478
0.5099537125211527
0.5156403544147968
0.4944757339504794
0.4979890178148754
0.5002902343214497
0.49115035934652335
0.5135663480987438
0.5135199376277458
0.49436111068532157
0.5149495425797267
0.5147250377469592
0.5121195098190194
0.5158637294692036
0.5102019921605849
0.5093614175820198
0.5018711607927122
0.5132479068920669
0.5221243967589699
0.5334325415066355
0.47726940784332716
0.5141366409241326
0.5032042914078149
0.5084960732995094
0.5135614232172091
0.5051917719861699
0.4980422967694636
0.5095198981222123
0.49139677457567144
0.5261368265108834
0.4912930532014316
0.4963876580298106
0.5104749102989196
0.5111217119663349
0.5020020382685794
0.5016552983548365
0.4955627276765135
0.49840817680685884
0.5262262888718396
0.514758923307905
0.502982534477129
0.5053396040084175
0.5099606074146035
0.5043461859687908
0.5084320537280291
0.5079057686385086
0.4915400260530062
0.5074198419152576
0.5092740965605133
0.5201193605426253
0.5104451133495468
0.5084646270315871
0.5011425738901489
0.509167651903545
0.4937323976704118
0.48470582920285815
0.5229609716647806
0.5094877020943448
0.5096013641361004
0.5228025685721196
0.5133116139918884
0.5066110590456897
0.4959608112654895
0.5125756660500207
0.5179403624348103
0.48854951353735715
0.4873258499309229
0.49154690419359565
0.5098410644349602
0.4871101246501964
0.4912556989952269
0.5070486069083787
0.4947964652326022
0.5097109431472535
0.497010155800336
0.5143884866673532
0.5075773398360063
0.500755838619975
0.5137823399904574
0.49826328644457346
0.4913963708911155
0.49730274990065676
0.5189653291430675
0.5108276146860061
0.5122295865653735
0.5072230191793866
0.4965318772408506
0.5096418149774281
0.492240210601057
0.5087095600011575
0.5111090514239751
0.5084347075058354
0.5157150046792455
0.5030450593823423
0.5040657951130381
0.5041171221249602
0.47987426674136746
0.5073100070083021
0.4967242802451484
0.5040211483426232
0.48559413536881596
0.5238000088844957
0.4918570332159487
0.5121657374274169
0.5035935144853563
0.4933477248857196
0.49789738532605493
0.504936042546223
0.5095295564900352
0.493695627595497
0.48747335878224707
0.501295644015822
0.5129867420267139
0.5019735227633491
0.5229817464217369
0.5049714092821933
0.5102695473609095
0.4968683084823255
0.4970004773240051
0.5078289146369928
0.49415294732301474
0.49126875980629814
0.5045632386408969
0.5206220502722372
0.5012552038662963
0.48431679924938065
0.4999822415570673
0.5150742094991649
0.5154002372266996
0.49311027314880085
0.4990153367448057
0.5076970657409352
0.5072841981294541
0.48929509405707383
0.47812643174443226
0.49340132885944876
0.4912966943363874
0.49994419653836286
0.4697173525406143
0.4927822725248372
0.5095062549046886
0.4938024794981361
0.511779171287313
0.5101304151501873
0.514732408687536
0.5175433457753438
0.5036619240557377
0.521800762317024
0.5157365072021086
0.49635066768815184
0.516889341101926
0.5041519414203671
0.5011893058599681
0.49893585215999275
0.5066384020854489
0.49444445955137223
0.48739597726509803
0.4829097879218718
0.5081476052351391
0.5124567364885783
0.49168051886531466
0.49057274783561483
0.4982416618448228
0.47901066991253793
0.5155250209117006
0.5132875511866525
0.48892175474375266
0.508773816519608
0.5078632367345003
0.5037842244566537
0.5018399903425373
0.4907398554981531
0.528531116207576
0.5164881837046824
0.4950941869009955
0.4992542076640977
0.4970448467836707
0.5096114110838399
0.5080199596734766
0.5132410760618683
0.5017712476770751
0.517907573423611
0.4981384871300692
0.4887667406215054
0.5067114715870374
0.5058920924973667
0.497451790013454
0.4880172652132714
0.49452388407931164
0.504243257176927
0.5101679684375373
0.5158442428841009
0.4954549906273874
0.49294175979339033
0.49417561841591334
0.49720954090758807
0.5073739596399773
0.49262599202875906
0.5211239215842265
0.5161357029086441
0.5079059558661861
0.4982361394283163
0.493409034391093
0.5011329127945261
0.4914381002308801
0.4989821963075899
0.5014273638247003
0.5193181739996673
0.47879669529338104
0.5111804905777367
0.4975705758238641
0.5088161235500095
0.48160711272309226
0.5016708339377441
0.5026921857960331
0.4967920489780382
0.5277405893768414
0.5135363729602984
0.496660686405495
0.5022026671914575
0.4904786868410933
0.5257105376555496
0.4997274628939887
0.5180317202794891
0.5130993855428587
0.4939709268629742
0.4960953332613119
0.5092129043599941
0.5117655563801049
0.49872545933581763
0.5007467001286519
0.49090108572322333
0.4995037977768777
0.49774328333476925
0.5051563094488473
0.4954962205941765
0.5050044472321359
0.5166353218368868
0.5003458828283235
0.49638538795292503
0.5203580346901734
0.5240086762582322
0.4865194616897
0.5083240675580744
0.47851950583708847
0.49967185149375254
0.494749481525097
0.5075641035432649
0.5122923796108931
0.49953400311816454
0.5011114758085141
0.48690647470693177
0.5106888931288391
0.4898449189077394
0.5034057337145966
0.505811594106241
0.4897221023610865
0.4978729706361062
0.49327326581801456
0.5031685796228007
0.5165425077773248
0.49744055080466354
0.4943638154699539
0.4907207511480834
0.5111129035880694
0.5054012031640667
0.5173642079377722
0.49589016181033735
0.5094054747496246
0.5035416884487097
0.5067424932385309
0.4995930476838516
0.5112103018233091
0.5203370656380351
0.4837325475811481
0.4904906808435479
0.4922926530588227
0.5035770647643177
0.49836947312916857
0.48890963934449494
0.49824074090609693
0.5187872146379648
0.4879467643431237
0.48049289190496963
0.5009236973730258
0.5029948246724999
0.5135110099043729
0.4883624971048254
0.5085467557386997
0.4891888270767517
0.5023385523679132
0.4885840551543615
0.5099141419124908
0.5154322014831039
0.5188164315654092
0.5077824335312471
0.5189228887544372
0.4964548356246012
0.4866833109269317
0.5040415885378646
0.5015092674567181
0.48776698804412705
0.4915386833415693
0.49488791232853013
0.48283084931795317
0.4890695938325097
0.48563087038281894
0.5133930522646023
0.5028459019610722
0.5049288665644952
0.4957768384488618
0.5056971736276188
0.5121558326770129
0.5036372513705307
0.5219667979857375
0.4923093983740347
0.4932450439848611
0.49095436197538406
0.5080470189951662
0.5214637519839482
0.49017389681842977
0.49362069649052703
0.5073010192529306
0.5069854920511094
0.4823980423140252
0.49816681977966404
0.5106893366304203
0.5061106186630762
0.5185376831358219
0.5092881090956956
0.49861979392619854
0.49240208820750314
0.4960164193951517
0.5067014180971549
0.4979552739572465
0.4957433912112541
0.4947248666614899
0.5020574256976764
0.5143043303078152
0.49568373808820343
0.5099863062222671
0.5135423460911609
0.5003633330572141
0.47974084933391875
0.5066583477508906
0.4969109017073583
0.49602205310470593
0.48420555601055676
0.5014581080729094
0.5089733488499545
0.5084169409257702
0.5011850284048333
0.5054051954295231
0.4970524551697139
0.5003732076595322
0.48474532041328555
0.4972738856658674
0.5088428150400774
0.5066293699479797
0.5024009621980735
0.4963717921517598
0.4933985851916015
0.4935860244873672
0.503071628495032
0.4824312256020295
0.4895774648429301
0.5106799019257833
0.5188619024080471
0.5091996930587368
0.49748600435116863
0.4949121062741336
0.4906424692270752
0.4973868042903228
0.5016228137328886
0.5081886649420325
0.4852037732947108
0.4971222577728013
0.5048304221763984
0.486804388411757
0.5120580864385662
0.4931630782950192
0.5042584559822487
0.5023758053912932
0.4948893031065599
0.4882953405314579
0.4889093392133577
0.509973109433125
0.5054559934721129
0.4963885301915117
0.506839044402059
0.5135397965916328
0.5032211799118828
0.5048335236397723
0.49914084118691426
0.5128429985334539
0.4945681422439396
0.5015084258047864
0.4909263061415245
0.5040990165205927
0.5144364638134646
0.5022160967585082
0.510572488938108
0.5002208924076209
0.4888837390129542
0.5119047675005153
0.5055042221688498
0.49510616791418666
0.4914798348541093
0.4822740071278034
0.4957043410877848
0.4796296243215553
0.4798350779247136
0.5165012536240089
0.5024640790791784
0.4960709662339849
0.47873183825893056
0.4875834379534229
0.4835552611979298
0.4838704511754087
0.4979883598832366
0.5019007604529396
0.5123963092230399
0.5127786834212816
0.4953015378634565
0.48978514913429755
0.5018131217827749
0.4852773491233492
0.5168039629506505
0.5128279271292795
0.5037116806538234
0.5100436435701946
0.5145280836627651
0.4923421571182453
0.5040851228106289
0.4913455767340114
0.4946691966874318
0.496207097299003
0.5042890484492557
0.5061534121433575
0.48647739278932667
0.4896406784144222
0.487609399178137
0.4829950047225062
0.5001680202400073
0.48994427385071343
0.4968208844681931
0.5013060699939393
0.4974937775434974
0.5103430961752231
0.5020144623564954
0.5082944868705593
0.5031811052805975
0.48760453774195767
0.5048977808278595
0.5023107265577946
0.4788369003536068
0.5091459977890277
0.4969517620953007
0.4942007438194118
0.4939658742678614
0.5036193403688013
0.4945641983405918
0.4825712329485159
0.49952371743344504
0.49457012278198975
0.488065167895367
0.47446078665825164
0.5013056931774427
0.49867779795581907
0.5042297154561513
0.5370684154212284
0.49313642436431515
0.4761569757356794
0.5127154117068037
0.4933238242042418
0.4916133913738876
0.5062000709386845
0.5013485895638935
0.5029744816422622
0.5117691600094271
0.5086700638604915
0.5071555006180484
0.5054454103860463
0.480207851028237
0.5295035594409634
0.5161873138704711
0.4937170851800559
0.5097001228594962
0.4923827799930611
0.4845476787125405
0.5081877938081694
0.5022499951967795
0.4958682551832758
0.5091020172480772
0.5058646634316597
0.5001532204954638
0.5073949611709955
0.4911397445925042
0.5063790471524868
0.48888008219476503
0.5095948916442024
0.49221756840403325
0.48522574591259354
0.4902443123093814
0.49612291736138237
0.49015439930769944
0.49291997712949276
0.49812432495542824
0.5065789619365182
0.5145356501970026
0.4908447645915051
0.49273925532714236
0.4932649357544863
0.5009633248460948
0.5178144819950924
0.5015358075864701
0.4936024767712841
0.5070234284413835
0.5046168211748043
0.48464719456337935
0.4978702961950778
0.5074129837393984
0.5101648377986927
0.5114122479994837
0.5079720855370148
0.49184235128669596
0.4957610710750883
0.48228260353068286
0.49643834301819784
0.49593873590760285
0.5098334916540955
0.4954663578134317
0.517463654704575
0.4931574469893916
0.5151749362176061
0.49845684009492713
0.49198726058587366
0.4963845240189017
0.5104240232772138
0.513534110186733
0.505720697145344
0.5073232748277056
0.4964059426093028
0.5116564811796396
0.49597982162784815
0.48784732717809737
0.518757692264576
0.48207934983333367
0.5002684190821571
0.5020675612633458
0.4996740234394868
0.4848609648666814
0.501039605286235
0.4979521083749003
0.4904415919027554
0.49678413605050814
0.4718294456306622
0.4846085444665872
0.500312452371686
0.49425952415316343
0.5081561133464496
0.4882225583398985
0.47810911018855107
0.4956053753540668
0.5005571913455701
0.4974919967781195
0.4959227312495534
0.4997869652783514
0.4849131686103522
0.49152997679984534
0.5064333634864953
0.4910031749078861
0.4798841513175931
0.5150319068099602
0.49518740731371075
0.4895400710933261
0.49971206107825583
0.5139577818927992
0.48096083595843303
0.49866068656118506
0.48381084133472896
0.49224316015139097
0.5218890311124806
0.4921059060252757
0.5024172704802173
0.4892981726811546
0.5245375607319924
0.5095247006119412
0.4984689343314713
0.5041251773617637
0.510432406890795
0.49408317650429523
0.49655579435280883
0.49584642453039557
0.49677010584208703
0.48866820841944086
0.49383320566266775
0.48400090526069045
0.5034485497257203
0.5079199127269846
0.48497539685251045
0.5226809558355145
0.49534127973497677
0.49008013541674894
0.5040017653586996
0.5172454426582489
0.4984498747602567
0.4938950668910964
0.491630964502533
0.4970749003153979
0.5025597188191918
0.48819261883648163
0.5151242210458105
0.4956305670963887
0.4975725152036255
0.500798703257878
0.4957274904864657
0.5021995595421515
0.48159599932543457
0.50499300350053
0.4865755217326964
0.5087913318027735
0.5080423729303174
