0.8867995781309832
0.6623340859644261
0.5877031418912042
0.5676120315934141
0.5386670936107261
0.5155002037415963
0.5038159062142381
0.4806157770573086
0.4935828122993401
0.47394734132162974
0.4686807896027875
0.4467248067272761
0.44890260870499943
0.44373418296346795
0.4479243263228507
0.43661686832994867
0.42705320390022733
0.4271730354016081
0.43676781918526575
0.4206057747774937
0.42882800786828895
0.4134080877847843
0.4082286120671338
0.4051863485440637
0.4280928519045872
0.4080904397972061
0.42306771846400787
0.41521079309073733
0.40802840778242694
0.40034630807671656
0.3896827827108774
0.41099696788125933
0.39903313259713524
0.41499655735600116
0.4028278033833637
0.40207889148409603
0.40262582989467266
0.3786191546625105
0.40267104882043525
0.3817932752516378
0.40067122223940393
0.38283411294945935
0.4015147876834194
0.39831117771690383
0.38326620456941685
0.39020505451212184
0.39892759954294654
0.3978719538790491
0.38228286297794994
0.3919912878272708
0.3697665061718091
0.3919301616921712
0.38059629984215476
0.36716635516552676
0.3988122806151623
0.38866876544481643
0.37936653490308864
0.38015090216199465
0.3812169878458825
0.38392232466896575
0.373763673679844
0.3741605650166683
0.389019747912217
0.38591986219492475
0.37570912160941233
0.3802406824401967
0.37881548237571694
0.3848262676911175
0.3918600121548154
0.3724893352490417
0.37800341704360074
0.38647967242082515
0.37797097022904547
0.3721944222034522
0.37440689491355306
0.376916824256417
0.37995547491302506
0.3837147667129098
0.3803761762150169
0.374350049935242
0.37015150000848446
0.3593820649717164
0.37402664448359463
0.3647649063368736
0.3794045034145965
0.38026760393484954
0.38379310862571087
0.36903081923026765
0.3614865419567557
0.3670102000160286
0.3709956700712552
0.3754029326344459
0.37282681174311993
0.36469806682480016
0.38276974140808107
0.3645387754969072
0.365097413407046
0.3631042361801305
0.37977213706736923
0.3626330558215741
0.36722391192306636
0.3849257614758379
0.36663683544728143
0.38052679271743234
0.3703972206489832
0.38282445567651213
0.36463877209029005
0.3735693243091894
0.3738471314113512
0.3623737906086654
0.3761989393530897
0.3639978036341976
0.3492155182492555
0.3640465949413089
0.36781598015755174
0.36204604536641893
0.36270481468488996
0.3557194929912571
0.35221979687168353
0.35702264355248625
0.36165166819635686
0.3728955800515157
0.36131495186154855
0.3772530604216785
0.3629979303315501
0.36202108634954017
0.3521122634287066
0.36742137645092554
0.35360859210604806
0.3611913686268666
0.36033078435028276
0.36385214127900684
0.3661258098299797
0.370098267356752
0.3646451370925924
0.3712945678535259
0.35303985067847654
0.36138670066916245
0.34568852397257704
0.36174443320108196
0.3623246756603883
0.3659899964212287
0.3576098024295563
0.35451651832285497
0.35970426536602607
0.35867480146728753
0.3564227052823054
0.37353466968949156
0.37089450171422766
0.3706274241520969
0.35525370268878864
0.3830241729791608
0.36710307235070966
0.3636252702538693
0.3652069341709104
0.35368616109481504
0.35850808296721204
0.3713269425884282
0.36159793548453845
0.3550406217988568
0.36869291773417207
0.3437295415489606
0.3527397076433198
0.36969204078157464
0.3510109019563867
0.35979152362536687
0.35643208106367213
0.3527826508286999
0.3538590469704011
0.3662158907102848
0.3588434517508766
0.35662460388236805
0.3548978560492488
0.3644268602189585
0.34757233979939106
0.3705221958085691
0.3505999922272856
0.3595593187895168
0.3673367218689475
0.3625808477235377
0.3558549018157163
0.3605536557013094
0.35533637442044913
0.36237726447688656
0.36234965595074686
0.34981765679348054
0.3470230731124568
0.3484189653349239
0.3663357573821715
0.3645361077376368
0.3560525544817263
0.34814747479947833
0.3667512572054016
0.34689283688960176
0.3698206922806921
0.36517511089255245
0.3506115133017346
0.37436926614470917
0.34286826824403427
0.35831215715742765
0.3514190157888137
0.35123925766728853
0.3492370085691423
0.359191089108147
0.3527741857478408
0.3591453137294405
0.361748004750343
0.34868984971426215
0.3638542916331139
0.35440526238940834
0.3554384301280532
0.3553380313942656
0.3543092317203686
0.35512197356660413
0.3516686819428907
0.34982401259470386
0.3530541917904214
0.3388365548384403
0.3437870673178947
0.34288398184233304
0.35322651432282176
0.36341685111529
0.35619305873015455
0.36157758857454403
0.3477840603990956
0.3637119204180945
0.35713802626798147
0.3573585647122427
0.3581722822385707
0.36364309072001205
0.365176218140024
0.34869560153158796
0.3462071371571978
0.34313550660533704
0.34177662136175685
0.3630185567926329
0.3511205820885713
0.3573725782316363
0.3501258320043794
0.3655606932626584
0.3507836522931599
0.3593250575917315
0.3490037089337521
0.3620946344997922
0.36429146380655164
0.35583104447665626
0.34427503779635577
0.35697231366831483
0.3323846026442334
0.350007623222905
0.35924526930468115
0.3494594398656897
0.35062714232989817
0.3560776890149779
0.34566651837406726
0.3454945443790506
0.3509182731891614
0.3428219832360698
0.3517598840391811
0.3580252183152514
0.3495694466999502
0.3444795519182559
0.35386746294999283
0.3476357267462403
0.3556218135233923
0.35037817248994624
0.35328137492490963
0.3458936032660215
0.3549585282744162
0.34882004493474844
0.3305006091506805
0.3597707761763064
0.3598708402692859
0.3563688071712564
0.3411785046896144
0.35413977463191226
0.36866800538828487
0.3597727868437652
0.35188574607717465
0.35184640066266365
0.345013157236598
0.3396279509397096
0.3478828924171778
0.3556143149192229
0.36315866536766056
0.35888276592904983
0.35475483270202957
0.36195005954686416
0.34755116452697454
0.3462300835731314
0.3436098424486734
0.32900037476998545
0.36134110602449054
0.3546336729343804
0.34446736865601624
0.3592747158898416
0.35584061066327316
0.3536572692195536
0.3542267011694289
0.33933082818304233
0.33628592882334846
0.3470416120374646
0.35272676784092877
0.3502019108340708
0.33494307200237794
0.34624167441539727
0.35248380509789073
0.34113568367287256
0.35641066977589403
0.35087393321132
0.36797507623509557
0.3402738882245393
0.3582443191902267
0.34387507209290324
0.3528117143399966
0.3523043768215147
0.35015779140535336
0.3425648912917758
0.3512732972945703
0.33850444023963233
0.34636562010575506
0.34587942878455497
0.33511710692308283
0.34738551046215904
0.3598929734947906
0.34465841154036014
0.35591675487293384
0.34877431898469025
0.34869351195689874
0.34566902827225354
0.34677217670198435
0.35075650403661623
0.33200945914065866
0.35148223754662433
0.3472870788208832
0.3468360156179637
0.3485216076580787
0.3639293087705654
0.34623637373572064
0.34670915888884696
0.34449942594004523
0.3398765409921035
0.3451669303160773
0.36560412614441573
0.3474461865428103
0.35495163168710797
0.3372155178082025
0.346213711647486
0.34541412799511284
0.34237785154907985
0.3496754587524844
0.3391222143168012
0.3430687856412836
0.3528786270166409
0.3382945284526354
0.3359952979610776
0.35994998958718627
0.3546013954319364
0.34844937614638877
0.3404305847648695
0.35432509965038744
0.34739602913114953
0.33691173032324156
0.3637761878004353
0.35776894685330013
0.3539222745271764
0.3485720638087893
0.35401216111361616
0.3412876795452012
0.34045912728765987
0.3453831069213569
0.357464938068011
0.3562924250984642
0.351552025406943
0.35276704701188316
0.3494602544353179
0.3610093302686715
0.35053981246191795
0.3485382115218361
0.3526642141912754
0.33805983117300403
0.34025188817232027
0.34202769378578374
0.3357017455184915
0.35152105085177565
0.35116430380194597
0.3375884515199486
0.35218574459705987
0.3515617981225018
0.3498456637048969
0.35319015734242437
0.3489842288565894
0.3484780960617952
0.34329698698376243
0.3505495642350026
0.35762202339261284
0.3652052166897587
0.3260692510647057
0.3514107442251737
0.3440961609247949
0.3474127338928899
0.3508552819262795
0.3453707404622849
0.3405824740777994
0.3479558284980621
0.3363223052997829
0.3596622852114411
0.33576550136814043
0.33891124137517975
0.3488917551708629
0.34946517319089637
0.34280761536441134
0.3429634595849095
0.33875359485555384
0.34050834722880025
0.3607433826814118
0.3523667018903355
0.343655846873222
0.34552512375764394
0.3493675335938432
0.34471948511734407
0.3476468581795399
0.34710613826540493
0.3357683598967504
0.3482694338008494
0.3480423890051873
0.35563841796991524
0.348798834572365
0.3475670914153498
0.34284277923639783
0.34785564854674517
0.3373349122467786
0.33130708934624514
0.35777316036951173
0.3483316989068077
0.34817026655074124
0.3571785701708753
0.350665434763817
0.34669193928589953
0.3386186604479715
0.35016198677968274
0.3538923642018623
0.33376766945919384
0.33294823080744224
0.33585147221692846
0.3486396644868539
0.333034542613481
0.3355966656931672
0.3464379378818979
0.3382162504943783
0.34861854393601904
0.3393552376097526
0.35180508981323433
0.3471374215381768
0.34229432018348255
0.35134640091511515
0.34042476528634175
0.3359222970677381
0.3404995517177398
0.3545856347225381
0.34906894206453504
0.35017982762673133
0.34668106969309603
0.3394393106020543
0.3483088401409015
0.3368852306679651
0.34853596801055425
0.349142646006892
0.34713965981085393
0.35233288926448414
0.3434882847790238
0.3444436219128527
0.3450104681305582
0.32875185402840085
0.3466464402609935
0.33952683387630195
0.3444708528672523
0.33216901989371145
0.3584814306922329
0.33615611154247005
0.3500510261885054
0.3442517542441992
0.33710431392355983
0.34012946898847124
0.3452559927446552
0.3480728748027985
0.33756342143846857
0.3332491192332753
0.34294518394113277
0.35070511828108764
0.3437719270137586
0.35726062651921053
0.34517050606947464
0.3492896915545498
0.339831415976013
0.33989112911978353
0.3473955245638702
0.33774529300629963
0.33556783202068063
0.3447725858170521
0.35566518602389574
0.34283972069527946
0.33085011596237374
0.3417205151504413
0.3518138481587775
0.3523588042335999
0.3367705331823518
0.34095417095577973
0.3472512866287414
0.3467284489745828
0.33430635655865515
0.3264658179220499
0.33703301811242475
0.335638226153061
0.34149444792170286
0.3213409316293054
0.3366878710361931
0.3480675678201713
0.3374990594854564
0.34976647945486966
0.3487172554281336
0.35202296747003925
0.35379316863178756
0.3441127974852697
0.35651712607617486
0.3521242656216267
0.3390244128925886
0.35305719242450895
0.34494629703912016
0.3426412918929822
0.3412058380834242
0.3462010488241456
0.3378615386203632
0.33345298147182073
0.3301786488835759
0.3474867426403892
0.3506576393391613
0.3363045700336306
0.3353501863226127
0.3414227150355853
0.32729757682255656
0.352225893366267
0.35089731319486417
0.3339173776510444
0.347651996048743
0.34713764798099067
0.34448404200470256
0.3436837875705571
0.33546147333370396
0.3611258946395553
0.35334734631986264
0.33835904995244337
0.3413121360095943
0.3394352097576764
0.34856313900737484
0.34717717511233115
0.3509218620684234
0.3429533381429723
0.3536626743767193
0.341050589355789
0.33394095061421886
0.34686586252988644
0.3459535986461274
0.3402045486878866
0.3335424153097259
0.3380283620301134
0.3446592141277686
0.3486005238599197
0.3530365405149986
0.33885208363321306
0.33680327959364287
0.33774583552098886
0.33954575873083587
0.34665471183201013
0.33678385706755615
0.35606686241121344
0.35321664821421567
0.3469686802578211
0.3409740746230318
0.33730242512452036
0.3428507035307799
0.3363585037941587
0.34103213192739934
0.3424649610434547
0.3548203311564945
0.3274674489939445
0.34928058075030055
0.34026489465142
0.34755876281617226
0.32882656435948776
0.34248132395685676
0.34356976099180375
0.34039226147141516
0.36082683790714914
0.35119196042850354
0.33930042230488344
0.3432750909178259
0.33532025965857143
0.3592374832532765
0.34154936571665956
0.3541358871088397
0.3511665221829817
0.338026522154525
0.3392069519770623
0.3483219793504233
0.34964650699052746
0.34132841479174236
0.34221047620998585
0.33557750423777705
0.3412934245782238
0.3403531742272652
0.34538178961943733
0.3387737915218989
0.3452510927079483
0.3534981801748772
0.342198763105729
0.3395850588910739
0.3554460407967178
0.3581319780849349
0.33260901924947656
0.34729100802077884
0.32741971229959277
0.3416296179366473
0.3381941034986071
0.3467202953303053
0.3501199402488417
0.3421798349019494
0.3428241057830036
0.3334515338625982
0.3486749956806858
0.3349545233255758
0.34376281716420715
0.34561017359111246
0.33466977224894384
0.3403008988179406
0.33691130654630896
0.3441437247783654
0.3537677598061791
0.34065382989280835
0.33762045945999103
0.3355635510113614
0.3498986552049345
0.34508890237491163
0.3535351329921451
0.338892421254431
0.3481945469739228
0.3442485863789507
0.34639215058639167
0.3411787258089763
0.3496299655189545
0.35565945729167314
0.33092018381378285
0.33513908615639454
0.33622943593142446
0.3443004861383525
0.34063525248334764
0.3340563756119625
0.3404346895456146
0.3546780177440671
0.33352389713998865
0.32823020336791564
0.3425264410033228
0.3436007680285841
0.3510085349497834
0.33381882692466847
0.34728570107805806
0.33397125770668534
0.3436271450203141
0.33430277252502727
0.3483074964910596
0.35245418723934036
0.3550746814021027
0.3471194292222881
0.35456604134423764
0.339091248081111
0.3323937634988996
0.3444403977628205
0.34262957935086064
0.33350296565445137
0.33627170518083305
0.33814765136498576
0.3303934114401226
0.3340960482068283
0.33171538932556355
0.3510565073103143
0.343665256955933
0.3451070670272988
0.33902595936693497
0.3459525037870945
0.3500241185915252
0.3438912976797674
0.35645091177848276
0.33709360473553224
0.33754146220383385
0.3363751896534275
0.34718139682660215
0.3564143483728803
0.33498227404842074
0.33734418422422546
0.3473881329930807
0.34660231139334
0.3298822317463794
0.34099258921786263
0.3488719353324675
0.3462863804514992
0.3541455332056643
0.34829228552399955
0.3410292291898536
0.33657669741382673
0.3389780620012095
0.34635620769556963
0.34030011426513507
0.33901313450835235
0.3386535279531697
0.34319390205314165
0.351300792390057
0.33918979384526265
0.3490864647621813
0.35113955242052697
0.34187772032707575
0.3276014922877699
0.34613932771907435
0.3395698183066428
0.338883453845067
0.33094741664176536
0.34268338141217336
0.3475218875652018
0.3477500789444039
0.342290062801487
0.34522233369878985
0.3396872853584822
0.34230268337967423
0.331358889468164
0.33978719936121154
0.3478753587467983
0.3460683576655026
0.34327394165687125
0.33945038319862203
0.3375391338618283
0.33727061008869896
0.34352870846141836
0.3295942405133662
0.33447867691782285
0.34883978420585576
0.3543598103489218
0.348206601754277
0.3401490202587488
0.33916242498187493
0.3354353365454096
0.3398148536112389
0.3428108421314593
0.34738074346890196
0.33143279440890827
0.33958601176572384
0.34496253674669436
0.33248115759735375
0.34973486615092425
0.3369279376132927
0.34537063395136963
0.343275794030027
0.3379056148357535
0.33414493657422856
0.33397154549731084
0.3488360311089988
0.3453309898211787
0.3402279718612502
0.34619546033771764
0.35124704195351836
0.3436362300419161
0.345264744086954
0.3410374754990422
0.350442133400484
0.33784026557462987
0.34257444036854123
0.3357616538999988
0.3442214589719895
0.3517096024084611
0.34350485435093864
0.3491167115705834
0.34165748776951504
0.334218014325273
0.3496114972405116
0.3455115358420736
0.3389305767218022
0.3358583248748344
0.32954656061795357
0.33865200990933364
0.3280919055582337
0.328025724662611
0.35350758697204554
0.34345357486947775
0.3389019127498561
0.3276491784040415
0.33338250638570516
0.33040547917454827
0.3305339721495606
0.34051289995090833
0.3430857116230252
0.3503017026829258
0.35031379915836974
0.3389493866512184
0.3345962285923561
0.3427167730102488
0.33132741083429273
0.352881258250983
0.3508784315439332
0.3442555444664576
0.3483971467852221
0.35132922801296784
0.33685013034155603
0.34523265320279123
0.33553292194541245
0.3380589222049533
0.3392417604556013
0.34445445605374614
0.3462834566553184
0.3324004942521367
0.3347319165902428
0.3330064959605722
0.32998490344462056
0.3417980691674708
0.3349063247128632
0.3398962573353648
0.34264197954428743
0.34015422472266693
0.34860587635103335
0.34320998710073514
0.347798450183975
0.3446127480778688
0.3331205343261596
0.3452674625425958
0.3433634734799704
0.3271451844207815
0.3476892794347998
0.3403228825035448
0.3379667920569571
0.33762788734831756
0.344067796340418
0.3377582129348868
0.33014892560865433
0.34134646079245495
0.33794690902038876
0.3339569188651201
0.32409600066752603
0.3424908566511995
0.3409702480201374
0.344593529056448
0.3670233469373871
0.33701074356756394
0.32523160567985676
0.35004980696400384
0.3378512093513749
0.3359057892932604
0.3455354196159728
0.34262338319703
0.34371309270203443
0.3495612808101883
0.3477953429431712
0.34648745765034994
0.3463295393978084
0.3282572972303859
0.3624273894165579
0.3534493079741461
0.3376809391926305
0.3483872523970567
0.3369342509835583
0.33116587752154814
0.34743027519346403
0.3431128032258734
0.3386938154405066
0.3476971879222726
0.34597346542620333
0.3422177224274174
0.34669737465355666
0.33583184414935274
0.3458225419454129
0.3344819566461926
0.3480804954286827
0.3365301179506556
0.3319213505975006
0.3348059591516767
0.3392176548260403
0.3348056308472527
0.33687401893192975
0.3406804294642586
0.34593966074497173
0.3513963702327471
0.3360040301158972
0.33692227970421346
0.33712566239854164
0.34212940941947434
0.3540297945122496
0.3426371506233944
0.3375214840752371
0.34636496577163206
0.3447782203004042
0.33100621445148865
0.34041570778984903
0.3467049946829925
0.34837409771464406
0.34960425383977656
0.3474140062874189
0.33625417275258707
0.33847681713092614
0.3297028548811859
0.33956156495411
0.33892266957403827
0.3491743359069841
0.3386711921773382
0.35347736201640195
0.33724947513806036
0.3527134113561142
0.3412156182441583
0.33618801705503637
0.33888852849651885
0.34932465822298475
0.3520571162478774
0.346287577172794
0.3477109654341317
0.33923034717530687
0.34990594882973963
0.339455493605987
0.3334063859592861
0.3554651808894195
0.32945398929705805
0.3423616288539981
0.34296455752369676
0.34164612776611397
0.3313385882116081
0.34246899515346474
0.34060266472580936
0.3352472513432888
0.3395570925622941
0.32255719875393607
0.33116066806367345
0.34190586907777454
0.33774506494375583
0.3470352259708595
0.33357343797008576
0.32702321962973013
0.33899334795233854
0.34160813525712275
0.3399662116434469
0.3391210925277799
0.34215353564280393
0.33150745813330557
0.3359628297784073
0.3462122302736708
0.3354335291218746
0.32803874306929187
0.3520806115649521
0.3384630518964003
0.33473991867599473
0.34135643237381424
0.3514320579452748
0.3286093926845736
0.34114083663009065
0.3306222567214477
0.33632893309702216
0.356902270805782
0.33633058597298543
0.3436976922776866
0.33586535708429677
0.35824002210166644
0.34814630055699225
0.34075921168254086
0.344580416564868
0.34907581224558604
0.3377546712875222
0.33926187744155667
0.3388268300345165
0.33957688663154756
0.33403973192965525
0.3374690113278988
0.3308654822586277
0.3441370597762032
0.3470629939639397
0.3317493772156993
0.3572939794959836
0.338415207554367
0.3352349762605255
0.34465591166884624
0.35428039396955147
0.340656077125814
0.3372161097862188
0.3358248537954168
0.3395354643045909
0.34320054901401326
0.33369672566132585
0.3520428630497332
0.3387063164173769
0.3402867494943986
0.34221036786911163
0.3392304394523293
0.3434175593434544
0.3288873130208209
0.345398921728756
0.3323554728712518
0.34780521213061494
0.34720739105884485
