[[ 3.25203481 -0.20305565  2.00084787  0.79769247]
 [ 3.24107809  0.8305634   1.92217636 -0.1867991 ]
 [ 3.23509622 -0.22887686  2.11309277  0.86097059]
 [ 3.24458414 -0.2225775   2.03692659  0.84483784]
 [ 3.24487166 -0.19626051  1.90144947  0.84058931]
 [ 3.23894469  0.82496252  1.96169266 -0.18814652]
 [ 3.22272109 -0.2003761   2.11643394  0.82980393]
 [ 3.24844485 -0.20354561  0.82788496  1.92489765]
 [ 3.26060996 -0.2332904   0.8364112   1.92547767]
 [ 3.2526062   1.85014273  0.82416536 -0.18153866]
 [ 3.15821151 -0.22181742  1.07687855  2.14668596]
 [ 3.21265682 -0.23648948  1.01341778  2.12981072]
 [ 3.2012148  -0.19685001  2.17182253  0.82210078]
 [ 3.23698709 -0.20608359  1.95024486  0.86689468]
 [ 3.25287912  0.85694434  1.84921836 -0.20339659]
 [ 3.26238843 -0.23144765  1.9209592   0.82419548]
 [ 3.23232825 -0.23307777  0.89835511  2.1055511 ]
 [ 3.21606884 -0.21809855  0.94267132  2.0683156 ]
 [ 3.24773476 -0.15831258  1.8318979   0.83567964]
 [ 3.19255645 -0.23326148  1.09320398  2.12169127]
 [ 3.21983837 -0.21006216  0.87095086  2.09503236]
 [ 3.20318959 -0.17565454  2.09400677  0.84781966]
 [ 3.20449443 -0.19824195  2.1604615   0.82943062]
 [ 3.19311659 -0.19496614  0.88133631  2.12296872]
 [ 2.12458349 -0.20227592  3.20624785  0.86551737]
 [ 3.24719715 -0.22456883  2.10020227  0.81581402]
 [ 3.24380228 -0.22109812  0.86080447  1.98836847]
 [ 3.24530061 -0.22836417  0.91397268  1.93057238]
 [ 3.17163332 -0.21136021  2.12270441  1.02719996]
 [ 3.25824905 -0.22776738  2.04656011  0.80304223]
 [ 3.2396213  -0.20771067  2.10541034  0.80754969]
 [ 3.23900266  0.81123377  2.03565352 -0.19135074]
 [ 3.20132777 -0.2084028   2.146259    0.8700651 ]
 [ 3.24996688  0.83064801  1.85174936 -0.17934473]
 [ 0.8363635  -0.2027933   1.88018933  3.25161189]
 [ 0.84619241  1.91150473 -0.15397737  3.22499178]
 [ 1.82969246  0.82639303 -0.18149669  3.25629607]
 [ 1.93845152 -0.18948962  0.86042749  3.23121304]
 [ 0.89583499 -0.20375685  1.99976926  3.22323916]
 [ 0.82996837 -0.2035391   1.89972018  3.25081826]
 [ 0.82553841 -0.20614884  1.85568499  3.25896991]
 [ 0.83974376  1.89364233 -0.16564353  3.23478129]
 [ 0.80727137 -0.2070507   1.88008617  3.26042839]
 [ 2.1286539  -0.2278215   0.79202542  3.25377268]
 [ 1.83884969  0.84969846 -0.19055164  3.25186697]
 [ 2.08117781 -0.21109898  0.81890512  3.24060201]
 [ 1.84453463  0.83564358 -0.17602669  3.24927943]
 [ 0.85640094 -0.15581403  1.97365928  3.21080123]
 [ 0.80267001 -0.19636987  1.87252567  3.25932325]
 [ 2.08817841 -0.21203666  0.89560309  3.21614429]
 [ 0.82802337 -0.21059133  1.86640916  3.25843294]
 [ 3.21078867 -0.22804374  0.82580769  2.20211797]
 [ 1.84056486 -0.19231135  0.80280422  3.26284674]
 [ 2.01841843 -0.17777031  0.8114987   3.23488247]
 [ 2.05729886 -0.23682474  0.84453771  3.25243429]
 [ 1.88676095 -0.17450271  0.84670377  3.23712336]
 [ 1.90506712 -0.21511594  0.84174119  3.25246296]
 [ 1.8403323  -0.191314    0.84552497  3.25262637]
 [ 0.82682596 -0.17922026  1.83199101  3.25509368]
 [ 0.8709027  -0.1965675   2.00292772  3.22441844]
 [ 2.08514786 -0.23009645  0.8515867   3.24295794]
 [ 3.20228682 -0.21592834  0.83234164  2.18887814]
 [ 2.08122273 -0.23369687  0.81787623  3.25448958]
 [ 0.8168753  -0.20241066  1.90036164  3.25380785]
 [ 2.03135363 -0.200954    0.80708112  3.2453388 ]
 [ 1.83024586 -0.1899858   0.83110588  3.2574065 ]
 [ 1.89287914 -0.21752178  0.90625133  3.24428003]
 [ 1.87000677 -0.20669035  0.82488702  3.25719728]
 [ 0.83789158 -0.21267638  1.91292976  3.25129167]
 [ 1.85117793 -0.21337118  0.86721671  3.25485255]
 [ 1.9729991  -0.22215704  0.92012326  3.2353383 ]
 [-0.20787474  3.23094685  2.11935351  0.82123824]
 [-0.15778776  3.23521491  1.85411894  0.86044453]
 [ 0.84565605  3.24184422  1.84962595 -0.16319709]
 [-0.17117519  3.21991482  2.04430983  0.83033253]
 [ 0.82490456  3.25327218  1.95564237 -0.21852745]
 [-0.18788917  3.24713558  1.85743962  0.84901843]
 [-0.20667247  3.23165395  1.98609314  0.87460468]
 [-0.18769873  3.24007752  1.9159163   0.83776331]
 [-0.1919387   3.23402342  2.05852037  0.8173616 ]
 [-0.21234568  3.24661112  2.08363888  0.80420577]
 [-0.2052975   3.22838085  2.12532406  0.81991665]
 [-0.21781342  3.25955557  2.03703948  0.78754574]
 [-0.20941062  3.2600487   1.89803043  0.8045277 ]
 [-0.18225824  3.24529599  1.89867112  0.82220389]
 [-0.17528104  3.18100452  2.14216838  0.84952178]
 [-0.19927384  3.22221492  2.06246817  0.85780156]
 [-0.18430169  3.22862435  2.065799    0.81868549]
 [-0.18272183  3.23860196  1.91626441  0.83586798]
 [-0.19446914  3.22849279  2.00409975  0.85273496]
 [ 0.81087769  3.22625354  2.13445911 -0.19879546]
 [ 0.81364945  3.24247688  1.99077284 -0.1928335 ]
 [-0.1793982   3.23396506  1.93877785  0.83637786]
 [-0.21519743  3.23874731  2.11189106  0.8176463 ]
 [-0.17543993  3.22417925  2.05634447  0.82198889]
 [ 0.87826154  3.20664029  2.04019593 -0.18132185]
 [ 0.82636499  3.23504157  2.12631655 -0.21894973]
 [-0.2135052   3.24782669  2.00672192  0.82263751]
 [ 0.83085259  3.23035924  2.06974028 -0.19845794]
 [-0.20882105  3.25605919  1.94231241  0.80399613]
 [ 0.8367977   3.20601851  2.11835882 -0.1824682 ]
 [ 0.80487496  3.24850564  2.01496722 -0.20336506]
 [-0.21768232  3.25922746  2.05441522  0.78525146]
 [ 0.80832512  3.22712145  2.13260352 -0.19705141]
 [ 0.81833883  3.23749964  2.11517519 -0.2146447 ]
 [ 0.83801234  3.22865748  1.95528224 -0.17339294]
 [ 0.80842054  3.25195961  1.91313386 -0.19400251]
 [-0.18504083  3.23362503  1.92640539  0.85063211]
 [ 0.80884654  2.06632577  3.24553859 -0.20990811]
 [ 2.1083548   0.83805538  3.21581069 -0.19286766]
 [ 1.89567257 -0.15649151  3.21879317  0.87902186]
 [ 0.82360167 -0.18233351  3.25418959  1.84395126]
 [ 0.81875771  2.09731356  3.23737334 -0.20961588]
 [ 0.8247994   1.99037082  3.23389674 -0.18281293]
 [ 0.81516873  2.0805197   3.24339767 -0.21343831]
 [ 0.82368729  2.1847476   3.18235267 -0.19016727]
 [ 0.79700245  2.02612207  3.25451324 -0.21241025]
 [ 2.12829876 -0.17317476  3.19597602  0.83576563]
 [ 0.80300483  2.04492805  3.25154147 -0.21369885]
 [ 1.85042894 -0.1784018   3.2445222   0.85310958]
 [ 0.83246351 -0.1891454   3.25257977  1.85128827]
 [ 0.83396581 -0.17726319  3.23642102  1.92086643]
 [ 0.85141297 -0.19512306  3.24858548  1.86078383]
 [ 1.89236801 -0.17682185  3.22702649  0.884684  ]
 [ 0.90163933 -0.19896557  3.21978058  1.9883752 ]
 [ 2.12905163  0.80310176  3.23107895 -0.19719074]
 [ 1.89508319 -0.15099422  3.21830914  0.87363876]
 [ 0.83108254 -0.17657847  3.24923529  1.85085053]
 [ 0.84127908  2.09836854  3.22428895 -0.20345587]
 [ 1.89870935 -0.1857192   3.23418395  0.86659388]
 [ 2.05794989  0.8192307   3.22992853 -0.18512823]
 [ 1.89202238 -0.19466931  3.24219439  0.85452527]
 [ 0.80353426  1.9543432   3.2554261  -0.20916095]
 [ 0.81519976  2.07519948  3.24390313 -0.21318951]
 [ 2.15952072  0.81552811  3.22635726 -0.21405213]
 [ 0.81071376  1.99906868  3.2514534  -0.21230349]
 [ 1.84541597 -0.17099104  3.24499262  0.8463432 ]
 [ 0.81258982  2.03583274  3.24329575 -0.20201165]]