3.5764708399772642
1.8884966135025025
1.7221038162708282
1.5485779523849488
1.4324917912483215
1.2829747259616853
1.1807133913040162
1.0265767246484756
0.9255420088768005
0.9064425170421601
0.7167508572340011
0.7795095056295395
0.8542952954769134
0.785340404510498
0.62701917886734
0.5503405347466469
0.5187271073460579
0.4852245390415192
0.4747381001710892
0.5408304169774055
0.4243077769875526
0.49866984635591505
0.476002399623394
0.44432504028081893
0.6891607031226158
0.48705479204654695
0.450565205514431
0.46446200758218764
0.3804091952741146
0.31369180232286453
0.4972566232085228
0.32828316912055017
0.38652592375874517
0.3067807130515575
0.3790201209485531
0.4075179181993008
0.4432522848248482
0.3114440836012363
0.302372357994318
0.38306932598352433
0.3285541199147701
0.324978020042181
0.27239609733223913
0.25993716046214105
0.20727108269929886
0.26339483000338076
0.23681839406490326
0.2233680211007595
0.21629235297441482
0.18094485998153687
0.333647058904171
0.21230168715119363
0.1842078160494566
0.31477212309837344
0.26825070232152937
0.1813109278678894
0.24809241034090518
0.1889380279928446
0.20560731664299964
0.20688869021832942
0.4166574597358704
0.298379834741354
0.26197182610630987
0.2178112667053938
0.20224956870079042
0.2545326504856348
0.16462056450545787
0.12364358343183994
0.11367004401981831
0.10747277364134789
0.12998686656355857
0.5514753270894289
0.29774865657091143
0.21731591671705247
0.16617891378700733
0.1359407652169466
0.19630545936524868
0.12199937794357538
0.1296170661225915
0.139101386629045
0.1389436826109886
0.13049714714288713
0.1853882109746337
0.1452754121273756
0.14457494132220744
0.2577418774366379
0.16757327057421206
0.22400483209639788
0.12818499207496642
0.08703459538519383
0.08470480795949697
0.10309500247240067
0.08901161160320044
0.0829569635912776
0.07915348745882511
0.09325583316385747
0.06091203670948744
0.21357591301202775
0.13428538106381893
0.755100036226213
0.361195782572031
0.45501073002815245
0.2955533780157566
0.17949726693332196
0.16353671066462994
0.12272548824548721
0.1635865069925785
0.1477504862472415
0.12201091032475234
0.12340997122228145
0.11207930352538824
0.13530036844313145
0.14715055376291275
0.11579812802374363
0.5118255492299795
0.2542474091053009
0.15960591956973075
0.2069227859377861
0.17745257280766963
0.11886803582310676
0.11566925458610058
0.09411451835185289
0.10339227542281151
0.0838078275322914
0.06635359972715378
0.19526535049080848
0.129403137229383
0.14852930307388307
0.24999120477586984
0.17723750211298467
0.11493672300130128
0.14842732548713683
0.08426633402705193
0.10989825036376714
0.23436975739896299
0.23695673868060113
0.12827433422207832
0.21545005152001978
0.15787976738065482
0.15113893132656814
0.23742797896265982
0.10504329968243838
0.11927620358765126
0.16742312703281642
0.1107104029506445
0.1145216541364789
0.18971766177564858
0.12819407563656568
0.23128422554582356
0.11314137242734432
0.0806414745748043
0.08410536069422961
0.21526427287608385
0.15520469192415476
0.08683154117316008
0.06109909149818123
0.07270068302750587
0.0838390389457345
0.06252832124009729
0.05797047181986272
0.17848412012681364
0.1341515171341598
0.1287116214632988
0.13020666521042584
0.08433876391500235
0.07944044675678015
0.06051064822822809
0.08060598438605666
0.051802150905132294
0.036203435994684695
0.029815563559532167
0.16082961652427913
0.06987868193536997
0.07257556775584817
0.10581366987898946
0.08197251046076418
0.32955563720315695
0.12232401873916388
0.0836786948144436
0.2840479347854853
0.13608001936227082
0.10554180052131415
0.10212427247315645
0.16320721432566643
0.12313506556674839
0.1016407236456871
0.2602810010313988
0.1852557048201561
0.09352817498147488
0.16650903057307004
0.14930684305727482
0.11358465775847434
0.16753269974142312
0.12709989659488202
0.1451738800853491
0.10880533158779145
0.09397068247199059
0.11033354690298439
0.05736766867339611
0.06995010860264302
0.21788920722901822
0.14768050741404296
0.184591312892735
0.14914335310459137
0.12777335233986378
0.09040965409949422
0.06898844670504331
0.06554831229150296
0.06643437752500177
0.1271753299050033
0.2209178394638002
0.11302686613053084
0.0767944292165339
0.10011741062626242
0.1523972506634891
0.0806288237683475
0.05923855202272534
0.13928319625556468
0.06016335198655724
0.05724236126989126
0.04364833082072437
0.03195234066806733
0.1576262952759862
0.10977262519299984
0.05611375169828534
0.22513289768248795
0.14853601343929768
0.12198612485080958
0.18769257627427577
0.12490246146917343
0.38416047058999536
0.16049850080162287
0.22209913656115532
0.12840246837586164
0.12658286634832622
0.06816442972049117
0.08152452344074845
0.21823848988860844
0.08841210845857858
0.09281218564137816
0.04685080731287598
0.09759481865912675
0.3147720594890416
0.09631577171385289
0.056364085804671046
0.0979340760037303
0.07694849884137511
0.047328042518347505
0.03332528066821396
0.05845252959989011
0.06286321515217423
0.13052559909410774
0.04694815166294575
0.14098352743312717
0.13800664339214563
0.1845481239259243
0.1273369357921183
0.18928892705589534
0.08626919221132993
0.059679881948977706
0.04827829180285335
0.06621182914823294
0.18675270895473658
0.20373997036367655
0.22210173234343528
0.08715890292078257
0.25656571593135596
0.09313904456794261
0.07790478421375155
0.0466307396069169
0.0384756563231349
0.07132309563457966
0.057633406668901446
0.039935245644301176
0.045253203343600036
0.04687796668149531
0.1399722291622311
0.053329603653401135
0.03400701470673084
0.05563707882538438
0.033733135042712095
0.037439704337157306
0.029713251953944565
0.03166012745350599
0.09480251539498567
0.06868567178025842
0.02638859231956303
0.03527629505842924
0.03095084959641099
0.025598947401158513
0.05284540306311101
0.06919527109712362
0.04352657818235457
0.0898605396039784
0.06881338628008962
0.07305164150893688
0.051541500445455316
0.04731329120695591
0.07320124339312314
0.16867347499355673
0.2079573657363653
0.09565405044704675
0.07833556346595287
0.08157392255961896
0.09249333273619413
0.04429771192371845
0.05867667500860989
0.03172733704559505
0.032298358320258555
0.07382409973070025
0.09761869083158672
0.04271690254099667
0.025941830268129705
0.02075281417928636
0.044976536696776745
0.031412986619397995
0.040170616912655534
0.030978929111734034
0.022275799326598643
0.02496859268285334
0.06627446950878949
0.029566348693333567
0.04959300491027534
0.13458939413540066
0.07393365176394581
0.062033919524401425
0.03481436846777797
0.11601341725327075
0.14088696874678136
0.09432286946102977
0.21888826536014677
0.0840440547093749
0.11529176076874137
0.09854738917201758
0.08508883193135261
0.10851753591559828
0.12177184717729687
0.13923550955951214
0.14022683426737786
0.15647014286369085
0.10446630930528045
0.07976713934913278
0.07984566539525986
0.09183775009587407
0.048376486822962764
0.05835375436581671
0.033688044734299184
0.04070480992086232
0.23431434957310557
0.14414018001407386
0.1765849994495511
0.311249035410583
0.25111201480031015
0.08051614798605441
0.17777988566085695
0.1571502886712551
0.09933061143383384
0.054355661198496816
0.08904109233990312
0.10974371451884508
0.1310932481661439
0.07224677177146077
0.04816983183845878
0.053835666831582786
0.07456276202574372
0.042072995891794564
0.03345363950356841
0.024344760226085782
0.06380705730989575
0.12896605976857245
0.09613094832748174
0.0883960167877376
0.06324965925887227
0.06031076102517545
0.02914912477135658
0.0722000673878938
0.030420710053294896
0.060201074462383986
0.07720095310360194
0.18284983802586793
0.05591945387423038
0.07387346467003227
0.03718048236332834
0.08741185460239649
0.0769784426316619
0.06545891417190433
0.0548262462252751
0.03868797272443771
0.024168197764083743
0.02517811758443713
0.08394026276655495
0.10557857882231474
0.04905303851701319
0.07061858610250056
0.033077803021296856
0.03052872489206493
0.03602536646649242
0.03324265517294407
0.027876323414966465
0.027308478206396102
0.04435417952481657
0.07086727526038886
0.021578367799520493
0.1299476268235594
0.0735860213637352
0.08516853591427206
0.04342585764825344
0.28863992895931007
0.13941250685602427
0.19644762976095081
0.11438058726489544
0.08266268456354738
0.06655052667483688
0.0516029728576541
0.041248733969405295
0.03022267408668995
0.06837149274069816
0.04086294323205948
0.0325666623422876
0.045119422511197625
0.035007789032533765
0.03132976577617228
0.04340027463622391
0.07863262481987476
0.10267500802874566
0.1075573974289
0.07963130036368966
0.03868573866784573
0.03888696930371225
0.047651161719113586
0.18419898031279444
0.08398504657670855
0.072923604818061
0.04403126803226769
0.061267174081876874
0.03386448500677943
0.030365261947736144
0.1940346811199561
0.347639486938715
0.19218939822167158
0.07091022189706564
0.1984629023820162
0.16690578311681747
0.1423666963353753
0.14776921356096864
0.06102593597024679
0.08207843657582999
0.050676431693136695
0.05593789368867874
0.08155081532895565
0.10831564469262958
0.04949048273265362
0.05251162350177765
0.04336520880460739
0.07309053377248347
0.0580016290768981
0.03612954523414373
0.12356320712715388
0.17253046296536922
0.1204805301502347
0.11732395328581333
0.17928384793922306
0.06701482022181153
0.04438703451305628
0.037941453605890275
0.08334305477328599
0.05998820764943957
0.11304017105139792
0.09040932711213827
0.07859746934846043
0.26404786040075123
0.12268039677292109
0.17169345328584312
0.15090166311711073
0.0660392740741372
0.06124493200331926
0.04136118632741272
0.05602887729182839
0.032656314130872485
0.2201287037692964
0.10554971499368548
0.09211935726925731
0.23823831928893924
0.16643101237714292
0.08862751722335815
0.0594823194667697
0.045682333689182994
0.16008601589128374
0.09426534799858928
0.043600580748170616
0.035266072768718
0.02289764923043549
0.027871478255838154
0.03608756915200502
0.027020317153073847
0.022843078570440413
0.037128384318202735
0.041414844593964516
0.04199514705687761
0.04918011121917516
0.049001064524054526
0.04503487793263048
0.030769963609054686
0.022521438985131682
0.024595014029182495
0.02065795104717836
0.08634936639573425
0.09386629331856966
0.039742422802373764
0.0836745773209259
0.04730887981131673
0.08801852422766387
0.12485913587734103
0.11781539907678962
0.09762205379083752
0.1161409815773368
0.17975012240931393
0.07810092940926552
0.08210517317056656
0.19706091503612697
0.0752199461683631
0.10792933953925968
0.0630326509475708
0.07873635608702897
0.1314869260415435
0.06985328532755375
0.1511608174070716
0.0535457263700664
0.15988010000437497
0.13803182020783425
0.12267284402623772
0.07846532105468214
0.06546611357480288
0.04343634117394686
0.04908520178869367
0.09723304943181574
0.052788290288299324
0.02705648457631469
0.03854825091548264
0.0804652228485793
0.10624784817919135
0.03574950583279133
0.2555450262501836
0.07887439262121916
0.05718162427656352
0.07811735142022372
0.06523677650839091
0.06385161150246858
0.05126367728225887
0.04693329194560647
0.04302137559279799
0.05327340574003756
0.03455653693526983
0.043715882627293465
0.2071444504428655
0.13733008764684201
0.15389939099550248
0.16373348934575915
0.06501209326088428
0.06584000545553863
0.031931506982073185
0.0927635598462075
0.054312825202941895
0.040908708004280925
0.09265163722448051
0.05974425571039319
0.03247067523188889
0.03585660387761891
0.03282715941313654
0.049625360686331985
0.036062539112754165
0.021211926988326014
0.019955371296964584
0.015264978795312346
0.029820730490610004
0.06005168838892132
0.029609110369347037
0.02369858524762094
0.1192409940296784
0.03510898109525442
0.32315558223053814
0.38113320134580136
0.10102719012647868
0.09464151356369258
0.05600609388202429
0.0550953040830791
0.06234540338627994
0.15545394970104098
0.06407136768102646
0.11657474446110427
0.13923691250383854
0.06758372765034437
0.07434995323419571
0.05740444520488382
0.13116319105029106
0.09624356217682362
0.061061123572289946
0.05559475659392774
0.07426339909434318
0.04465976152569055
0.12003953801468015
0.06203985316678882
0.03614271180704236
0.05482800798490643
0.034892152156680824
0.03356281891465187
0.09272178383544087
0.03297235276550055
0.026548415469005705
0.013596294703893364
0.012750972528010607
0.04171535356435925
0.020673061395063995
0.04978603180497885
0.02943973378278315
0.03904461581259966
0.07364188954234123
0.04296537050977349
0.039638245943933725
0.1005808040034026
0.07253209445625544
0.050123199028894304
0.061626056162640455
0.07196471006609499
0.025765240262262522
0.10365142612718045
0.07332041393965483
0.04467927915975452
0.07180063938722014
0.02794716083444655
0.10176892313174904
0.06755988649092615
0.08022402008064092
0.0633165820967406
0.035911521082744
0.027641496062278746
0.04820652033668012
0.0753474602010101
0.018457893561571837
0.082295629568398
0.07535293642431498
0.0689411809667945
0.02886482160538435
0.05082403542473912
0.07618490299209953
0.03798682321794331
0.0775692327413708
0.035132703045383094
0.024295502807945013
0.021610727114602924
0.10741969998925924
0.04305229084566235
0.03096998082473874
0.06764004114083946
0.0518008251208812
0.044692705990746616
0.19842748122755438
0.1309717702679336
0.1353228187188506
0.0390529606025666
0.030107513233087958
0.05337272714823484
0.06356520736590028
0.0601522624026984
0.05615773354656994
0.29814446992240845
0.17037405241280795
0.07299972493201494
0.14065026212483644
0.0734618704766035
0.05004493719898164
0.06442872695624828
0.04786381842568517
0.07566961874254048
0.04114764328114688
0.023821772169321777
0.04071656314190477
0.06995269663166255
0.15961354225873947
0.14425646560266614
0.15988960480317474
0.06110887210816145
0.05067934887483716
0.0531326225027442
0.06542006111703813
0.04913834822364151
0.03329770043492317
0.027722019772045314
0.028374836314469576
0.025109509634785355
0.021601945511065423
0.030865773698315023
0.021985126985237004
0.2003094579093158
0.06173294549807906
0.046727969450876115
0.03127746232785285
0.025926132849417628
0.026521506276912986
0.09355145571753383
0.03729873113334179
0.07615109053440391
0.06507228598929941
0.12825126573443413
0.09147193487733603
0.03441562121734023
0.13315998269245027
0.040907960012555124
0.13744743978604673
0.08366428213194013
0.04781899014487863
0.07840988785028458
0.14660458210855723
0.0665955769829452
0.08619121760129929
0.06318901253398508
0.03441243222914636
0.031111553916707634
0.3034888914320618
0.1382656553760171
0.1568005483597517
0.05968160037882626
0.046683752071112396
0.030996338091790678
0.04826465523801744
0.114029576536268
0.05112143219448626
0.09439758686348795
0.1462798772379756
0.06162862693890929
0.05371380345895886
0.05165799162350595
0.028843871504068374
0.034380780160427095
0.02705632518045604
0.03731339545920491
0.022543763602152468
0.06335134722758085
0.1561558027053252
0.052209279779344794
0.08222345237154513
0.029814262595027684
0.05435479339212179
0.05449887081049383
0.04243072830140591
0.08444295693188905
0.12796433167532087
0.0347375513985753
0.1796592015773058
0.09400215400382876
0.06891860039904714
0.039861168153584
0.08469613566994667
0.042272123694419864
0.04560391348786652
0.06819765011314302
0.04913079156540334
0.11570171182975172
0.03170149796642363
0.032329444866627456
0.029539000638760627
0.03564605102874339
0.036071016010828315
0.06684777529444545
0.03378102490678429
0.038943717163056134
0.05560721831861883
0.03596671926788986
0.026074677333235742
0.10856912611052394
0.0525071254465729
0.043490035366266964
0.034286401141434907
0.09500456573441625
0.07804775992408394
0.031099958810955286
0.022900798870250583
0.08264781881589442
0.04098189589567482
0.031191447004675864
0.04846639451570809
0.05528280246071517
0.03033751673065126
0.03234102418646216
0.03194434617180377
0.07083265716210008
0.0630229861009866
0.060869296779856086
0.02605854356661439
0.021168990177102387
0.04515810739248991
0.033212602324783805
0.026435378729365765
0.029328911425545813
0.029877119732555003
0.01555048704613
0.0595927027054131
0.09435513555072247
0.03558321301825344
0.039651749096810816
0.015855962014757096
0.017343145213089883
0.012906184187158942
0.03991031382465735
0.27446526074782013
0.10951454117894173
0.09555706130340695
0.10008928515017032
0.046321144141256806
0.03690422512590885
0.03713725232519209
0.08081370601430535
0.033429505117237565
0.01788381300866604
0.11181217478588223
0.2938019051682204
0.27088058851659297
0.1730730751529336
0.05482545150443911
0.1092876479960978
0.08424644619226455
0.07123417723923922
0.03861639760434628
0.10386191271245479
0.09490524381399154
0.06709859427064657
0.028649795055389404
0.055983520857989785
0.061360415536910295
0.03126266980543733
0.03195749623700976
0.04216587853152305
0.016933386283926665
0.019436187320388855
0.0220755145419389
0.01731354845687747
0.047134216083213686
0.14560812620911748
0.043723939219489694
0.04277500440366566
0.04451922508887947
0.07577388151548803
0.04132900224067271
0.09626071804668754
0.03613396869041026
0.1555471653584391
0.051491986075416205
0.044426370039582254
0.044872564263641834
0.035430414509028195
0.03252442651428282
0.09706916431896388
0.07151217255741357
0.048348746821284296
0.07505856659263373
0.04869180512614548
0.09097212539054453
0.06559514407999814
0.032699700957164166
0.026202629832550884
0.055978613812476395
0.03176577989943326
0.041232199710793796
0.16298205931670964
0.06817022450268269
0.20299162729643286
0.1651036035269499
0.058641626872122286
0.02711617308668792
0.1450129125267267
0.16393168000504374
0.07966898400336504
0.07264227364212275
0.03405072148889303
0.07886513848789037
0.05487146526575089
0.06903045237995684
0.061141167487949136
0.10665979417972267
0.05303963315673173
0.08582306490279734
0.06806315165013074
0.04595614532008767
0.03249529702588916
0.057987422216683626
0.027374105574563146
0.024685460375621915
0.0315760149853304
0.013698693946935236
0.16977997499052436
0.05081776729784906
0.05882657505571842
0.08194244704209268
0.05581435207277537
0.04034609794616699
0.11381393419578671
0.18102576453238725
0.164238865301013
0.13678007964044808
0.05330196497961879
0.04326396128162742
0.02243069321848452
0.10022512953728438
0.092316272854805
0.13476293636485934
0.06605274435132742
0.05357375000603497
0.11116872364655137
0.06763721583411098
0.044548086216673256
0.034432456456124784
0.036400400847196576
0.08980357507243752
0.02630441952496767
0.04387284521944821
0.3529869392747059
0.1167138520628214
0.17466326942667365
0.27609900999814274
0.08266732301563025
0.09227288793772459
0.12273178515024483
0.059214177634567024
0.1931972863152623
0.0655057524330914
0.06593220559880138
0.06566864280030131
0.03637359263375402
0.05920797362923622
0.03922326406463981
0.14287090729922056
0.16288037300109864
0.0474237123504281
0.10499474871903658
0.060779332043603064
0.053151398245245216
0.18890829049050809
0.05627551777288318
0.06708079436793923
0.14625199725851418
0.0845767960883677
0.07148982863873243
0.10939046749845147
0.09781524101272225
0.0867933507077396
0.06187153644859791
0.06814182410016656
0.0478047561366111
0.06700974851846694
0.06413428257219493
0.033275303337723015
0.09395165625028312
0.2705061270389706
0.08623466361314058
0.10652916356921197
0.053659670427441596
0.03472408456727862
0.08960389653220772
0.09134155646897853
0.029602954862639308
0.045853390637785194
0.02913561249151826
0.024558057566173373
0.03200000170618296
0.037582221627235415
0.07519881357438862
0.027548598079010844
0.027983007160946725
0.0786219391040504
0.02601075740531087
0.09082321766763926
0.2140723280608654
0.08448289539664984
0.06841818178072571
0.07614324153400957
0.059012799011543396
0.06707159178331494
0.04989034757018089
0.04530610754154622
0.026676227152347565
0.12314350029919297
0.058095339918509126
0.13652781075797976
0.04689065832644701
0.05145105146802962
0.05913518308661878
0.09831991093233228
0.047895314451307056
0.0688296421431005
0.035314541682600974
0.03503014424350113
0.04985660524107516
0.05718759486917406
0.05658206928055733
0.03760350865777582
0.06840191027149559
0.11871640384197235
0.1403159385547042
0.06120806345716119
0.10139288301579655
