2.894388198852539
1.6503812115767906
1.4366593484220833
1.2715679592099682
1.151484205805022
0.9892500248448602
0.8942497624405499
0.7683356401735338
0.6867012651316051
0.6712580855036604
0.5284412978538151
0.5923342221769793
0.6360071088219511
0.5748545758683106
0.4588034904465593
0.4151447122466975
0.38184761114675425
0.35895711055089685
0.35578212591594666
0.3967906966291625
0.3081677758359703
0.360647795015368
0.34985170031672924
0.3316231517699258
0.5010298630543824
0.35406804399500635
0.3277577668556879
0.34218159690499306
0.2776461321025573
0.23390755320674386
0.36584946757246706
0.24354968329185042
0.2805749247942505
0.23258105511295385
0.2791410508597719
0.30797674982198353
0.3280167694621045
0.23345502074165592
0.2257958425144697
0.28287974982683
0.24194737311838002
0.2414877256699677
0.2038538058705885
0.19654861282043415
0.1625542026013136
0.20059123314146338
0.1788777552288154
0.17471811602470175
0.16713205712108775
0.14439819409544097
0.2607934172425804
0.16374072316905547
0.14357751530819926
0.2509936757128814
0.19945300441106845
0.1369908637977366
0.18423185728747268
0.1508428039157699
0.162515283787045
0.16218064895606246
0.31037219183455256
0.21854250142671938
0.2037707036682244
0.1688890255473811
0.1616889247349624
0.19388013108280197
0.12795424283128873
0.09529608218320484
0.094374002118049
0.08488189971780982
0.1060863274053253
0.39681389670947503
0.23314754857585349
0.16655473488158193
0.12665008344077344
0.10493923967768407
0.15765791643282462
0.09496191368791564
0.09553110217354421
0.11008605662861774
0.10457397509237816
0.10899568715229116
0.15054161125665594
0.11243804569902091
0.11403163413292375
0.18809765243324741
0.13267071527461038
0.16691734092631216
0.1010422314404799
0.07214317763031557
0.07659942807693934
0.07888330587442836
0.0793791567778279
0.0737659615496623
0.06912422593851605
0.07730908325776972
0.05482280413331143
0.1651581343391846
0.10432662755443618
0.5330202119296481
0.26370368178548487
0.3274622765401828
0.22274468890551863
0.1424085010356944
0.12998765443676505
0.09886237262780297
0.12674973776628232
0.11304968463835018
0.09365583143742948
0.0954125140761507
0.08909888024409783
0.10248117015600719
0.11163536785170436
0.09483513878337269
0.3706578689884266
0.19094571156491494
0.1304016996753113
0.15779758093814397
0.14052346515758285
0.08946386400353291
0.08777729800805964
0.07821964141752186
0.0782138717778284
0.07023816082048519
0.05235813990042641
0.14866197096376582
0.0970541372622267
0.11934147595331587
0.19457390798448487
0.13479423567909618
0.08990110920196207
0.11074430808617637
0.06805730662469206
0.08179801625424418
0.178312371131675
0.17239574458578538
0.09921067933840998
0.16450747579400396
0.12058521640197985
0.12581772980248107
0.1751816426885539
0.07979810728434601
0.0896909386321003
0.1221805867128845
0.0864341533742845
0.08627269420258958
0.144070984988377
0.09919068178740041
0.17455190763776673
0.08770598196585117
0.07176877628883412
0.06773563302603774
0.1600281725766073
0.11479516065647376
0.07170328482632236
0.052920067474117566
0.05932300597236588
0.07249405980110168
0.05107640669327872
0.04792648779453132
0.13278971076140117
0.09788042653737397
0.1008392490029078
0.09929033319048326
0.06282544927671552
0.06262569130671307
0.05212150736519232
0.0626084580415346
0.04329943433725115
0.028725892353546004
0.02643773949640835
0.11863275197463045
0.05675382867599998
0.05291421232134875
0.0782984583558322
0.06075825897077548
0.24347003729178987
0.0950418849042135
0.07180516492446949
0.20184728456661105
0.09977917763372433
0.08106869075383091
0.0773618240551702
0.12394788241463489
0.09401457130523591
0.07793246105249071
0.20309345514096064
0.13446063653501714
0.07139300371134846
0.1363632184260621
0.10739541656723053
0.08844298101833155
0.13326537660483656
0.09595614741556346
0.11340180341282795
0.08808046552063577
0.070416475686341
0.08370243274638879
0.045962293343297364
0.05497815551493188
0.16075544959488164
0.11098803730745768
0.14945264128518515
0.11299679842616978
0.10178947726521513
0.07303988037566686
0.05803693745863335
0.05216100887427556
0.0585086984752581
0.09713775510418005
0.1634360647053811
0.08621878832064826
0.058205634002284755
0.07568918288974412
0.11853814288042486
0.059864918167445935
0.04509155613627156
0.10663059944736547
0.050384633146740236
0.043586077923276303
0.03915128214605924
0.024509389941974
0.12056401641718273
0.08470064780578532
0.044172924172518585
0.17512625972900925
0.10745702475180914
0.09745062049478292
0.1350338116472844
0.09516519507200553
0.283511857084673
0.11744673373498793
0.1632120269832426
0.10384810784960101
0.09159908002113988
0.05821883610192815
0.06312797222174062
0.1635944491637678
0.0706162310430202
0.07190384004457757
0.03809804522938191
0.0771998075350862
0.22663852723379588
0.07853875800581842
0.052654821815065526
0.07562770622236462
0.05740145920647372
0.036695156230366434
0.029921767225585365
0.04780283810747466
0.054132508732185794
0.09992771046557303
0.041438572558349575
0.10313398807694943
0.10800515461295586
0.14024502983124093
0.09367084340192378
0.1441849244212539
0.0717156668402383
0.04479822303280877
0.03597496806017669
0.05077298032922734
0.1381925137167604
0.1504582994344548
0.16773087446224585
0.06713654372263057
0.19221679313943305
0.0693832344841212
0.05710022087441757
0.04122211916797698
0.03125382924918085
0.055946650529472994
0.0456129640465249
0.03586219134339099
0.03291722056696769
0.03653073617746925
0.10665895088559724
0.039761622390179927
0.02662642231082608
0.04198970423674147
0.02833467585452158
0.03068930786584729
0.022891016076880925
0.025596041284533667
0.07390580573400225
0.051420377996942865
0.023162454659729426
0.02863221489904641
0.026494714054118455
0.023258462174924027
0.047103012911975384
0.05494931884559578
0.038343947637697745
0.0655336574940332
0.050864677500895
0.05596829674724522
0.043939443751728036
0.03571185628995942
0.05681085617859559
0.12554108634077268
0.15017792490182508
0.073404480390058
0.06124249017287592
0.0676941686783564
0.06811633956987925
0.03689394412353506
0.0485733764181877
0.030812027607241582
0.02517596156946544
0.055880883281071
0.07117706752414334
0.035577608607629124
0.02193156027050432
0.016839083649442886
0.03702704739307278
0.026095724419754898
0.028732455520216246
0.025712651521738232
0.020835503038111273
0.020241890134739465
0.05257447532795627
0.023242697636556717
0.037685035619531466
0.10072728191855652
0.06315393069887469
0.04849367273533877
0.029420997947454453
0.08619847179968552
0.10485531869023268
0.06999668002465805
0.1713689023243456
0.06190800235269527
0.08624822880815843
0.07394456294573971
0.06052134400293841
0.07906295067694938
0.08638223680940553
0.1014218784804488
0.10076279862751734
0.11473489509381611
0.08173771015095428
0.059512047980237626
0.06163007582553887
0.07001289859381986
0.03689501860885527
0.047250428145695154
0.02916890857259518
0.0288235498567168
0.16539762969578392
0.10306787913954206
0.12668637729025092
0.22736192774027586
0.18371112495339637
0.05928035859211252
0.1321843277245503
0.11476622086724844
0.07528230244422267
0.043596632930185196
0.06552643789749207
0.07987014468406038
0.09523747334706373
0.05639405834392227
0.03801884876307229
0.03987278225671115
0.057729815450047364
0.03145493253270678
0.0279910989599463
0.019791600641649986
0.051790804578119826
0.0974167464561921
0.07889744657862546
0.0640748950114859
0.04876022529487241
0.04308449029761913
0.023739297223951798
0.06191083501044918
0.02495992173800036
0.04511131844804462
0.05859312394248514
0.13307960776226788
0.04703295017303578
0.05435171921071115
0.030856167425899285
0.06668182454425199
0.06138685008446718
0.05098433396779001
0.04455145245672862
0.02930346757558913
0.019055665843991626
0.0231993787396089
0.0626057204810485
0.08021322230744207
0.03730394631816909
0.05315933458844264
0.03189859135429664
0.026458032695167086
0.02759208290934049
0.026265758879037156
0.022111524586919052
0.021276189478973313
0.03782481934819049
0.05259319778796735
0.01713657809034038
0.09382850367672227
0.0551253269880143
0.060582121151724254
0.0355613610289734
0.20831214731302242
0.1015521503246293
0.14165795896330785
0.0837787845621592
0.061820831956695126
0.04897423737465629
0.03732749606494728
0.030444087000997287
0.022536942365495007
0.04866685936877761
0.029351527561786873
0.02374734756926171
0.032436714523696696
0.03183618878367646
0.02560607821214944
0.03331166421713565
0.05953350823356545
0.08014808058465735
0.0830898917810028
0.061655871132549285
0.032462276153041626
0.03191077492750804
0.03571277831937989
0.13062183024433988
0.06866156950528765
0.05382545098485746
0.034745959585115054
0.04952229998789021
0.026798201889474075
0.022937834940515538
0.14687563387420158
0.26498469736041697
0.13805171753709397
0.05514398384598437
0.16374658732193298
0.1274944716052891
0.10510598090959006
0.10675468545904833
0.04713136086176182
0.05896053660524495
0.0402634722935357
0.04233838739837038
0.06312461241533787
0.0767063270242692
0.04249267671598475
0.04099279504413877
0.03544168450251414
0.0545530462203997
0.04373678001715673
0.027247486750952545
0.08885519368702481
0.12327341333730146
0.0917236608742126
0.08515952495408469
0.12985626808046524
0.05156206615582301
0.03524520619499401
0.031424761392529414
0.06201389435566319
0.047524945087859344
0.08844045696555283
0.06680404696742008
0.06273063848895052
0.18889740384826115
0.09117748811921297
0.12670328002423048
0.11114115557023163
0.04869242755953094
0.04982206725579654
0.03398794024090829
0.043197341929671576
0.026847638689575654
0.15846369193529647
0.07562080644480564
0.06746302869026388
0.1721508164472621
0.12327351191498596
0.07014741095039866
0.0468833242233939
0.03314334768420567
0.11546140622973827
0.06849444832086787
0.03393655209019299
0.025163199128342216
0.016952568165363807
0.022554626503702383
0.02641788934400618
0.02068774861781376
0.018091453016401422
0.028971064268763915
0.032322945663352205
0.03083189133708245
0.03555130122574689
0.03935357274142383
0.03392611263853755
0.024969690126077883
0.018488043129387923
0.020155037025186427
0.016445891631582495
0.06593642931066229
0.07354477319288356
0.029773915138352532
0.06346040013133837
0.03636537736747414
0.07330453416717977
0.09272132292068724
0.09015071740502427
0.06918942527785286
0.08581532042369182
0.1296027649057515
0.05564610188794804
0.06138345113843037
0.1423981047379945
0.05815827125554968
0.07530753953976492
0.04564361101626579
0.05959024924206836
0.09528299756669278
0.051590814813168656
0.10850553071640175
0.040230282979760446
0.11520857137130124
0.1010863419024049
0.08906223485246301
0.05749156480004754
0.04910118468426939
0.03196560939701659
0.035878648248838324
0.07029194628683336
0.038566697212257264
0.01923219561938132
0.02928619342253961
0.057504275749469626
0.07431551214540377
0.028942001441589975
0.18942343548004484
0.05760254980675105
0.04497278971469094
0.05576421641383384
0.049704955186261314
0.047823247082274534
0.03792289499863822
0.03657947646470034
0.03413485915998222
0.04179911423225662
0.025708955955984682
0.034175751849222155
0.15314798940230032
0.09965220944763258
0.11312711314330327
0.11764038516336987
0.049693046306292045
0.048275200292821334
0.025618252545145565
0.06899937422211475
0.04017949646041761
0.031316409710441424
0.06770388383803697
0.04646924873492841
0.025847671001523347
0.03151645259590466
0.025370426899512653
0.03619747810117933
0.0267409583381056
0.01639406736448391
0.015877982820303917
0.012107965692974114
0.022754136767742177
0.04758881812248829
0.022824039158876985
0.019917725721887988
0.0843107722391543
0.027278075717261124
0.23645599561358063
0.2735042904086154
0.07882063959500399
0.0715913765517802
0.04125593873624016
0.0420075276967415
0.046254109416120875
0.1132980849722336
0.04764171239141182
0.08399199951311638
0.10188470681294284
0.051246375180700604
0.05817088563745874
0.044867864508856214
0.10752038882467253
0.07796067869338881
0.04950484851423394
0.0438276883375285
0.057429207223949244
0.035279105869041566
0.08930940439539223
0.0489380260576205
0.029047209594864398
0.04302458741083934
0.027657237339459746
0.024657815387713368
0.06808816619590728
0.0276346499268929
0.022900515645421272
0.012277720700788858
0.012393176912908154
0.035939444844000815
0.017597196098308655
0.03800218142488779
0.027360163443894445
0.029772957763835338
0.05382835582412522
0.03880815955826306
0.031794414061707736
0.08115236956931265
0.05303909709869788
0.03746041084703957
0.04497658402522512
0.052702301838194375
0.020579442568524772
0.0772330293728938
0.05635211084656225
0.03500891220755875
0.061396518918878304
0.030458548742523097
0.07858987502625277
0.05123977052100035
0.06210525406741312
0.049028856605532224
0.029495675124806064
0.022306522583299928
0.04097187312335932
0.056801544027683996
0.01624294513924818
0.06386215536923405
0.05885512242294398
0.05254848005856259
0.028030089105194403
0.038102834213877314
0.05476408153130063
0.027155616437084973
0.05598844607673778
0.025304859760016653
0.018683384458011553
0.016644179572126473
0.07978717937607896
0.03337151325179328
0.022535153723859773
0.04826372164273474
0.0386253933629005
0.03377706636795132
0.14263985260863435
0.09786038091085081
0.09751378131853737
0.02900410987183869
0.02450778230508902
0.03981309836019826
0.0514529043053887
0.045309301271055154
0.04008817684910449
0.21497660933126664
0.1250507941365178
0.05651580929306561
0.10583991367683007
0.05568803999581021
0.03746266558300704
0.05006912370124061
0.03678127238125508
0.056782236105987226
0.029369380433967432
0.017903428044017598
0.030598088950400466
0.05034376942133129
0.11350194879823589
0.10684625360440335
0.12139599888127875
0.0461145223495711
0.03978042888800325
0.040622086389891496
0.04891650095895125
0.039415548311181145
0.029445328813945425
0.020008714643812833
0.022210899947822327
0.019033697628464293
0.017761319513926444
0.02228553312055863
0.020119075713566793
0.1399106343330992
0.04436124443148809
0.03314150186809551
0.023910183674788327
0.02058920926230775
0.019292699540403253
0.06736531213391572
0.02802434091000609
0.053582039167943955
0.05134636573473409
0.09537243509889934
0.0695247184846486
0.03193409247966162
0.0961558689515845
0.03728476219312769
0.10708089713970649
0.06266229919254265
0.040250002390480245
0.06367312089925439
0.10926867614837428
0.054800338296476625
0.06518552205143978
0.04652790775008757
0.02771166829815825
0.02622864877098593
0.22034290962820424
0.10207745570544924
0.11228473379742354
0.04726930191953153
0.03572170323479503
0.026546764111242675
0.04200360213721508
0.08891970115906463
0.04334947809171542
0.0723102349418633
0.10860844570260238
0.048315640263949876
0.041329273406078976
0.038506218030494796
0.022980358019061706
0.028342724900194925
0.026658079985344526
0.02945889260997225
0.019689958691115266
0.048195780869593426
0.11442835372471219
0.0389715982525778
0.05831219106742004
0.02165816923210012
0.040543094771143436
0.03923668333701589
0.03164240035051801
0.06497116040053039
0.09687500158806556
0.027644977494893627
0.12748561587570043
0.07680966381328823
0.05303003586796594
0.029946450316668326
0.06033068302023257
0.03959418571923442
0.03378606635669712
0.04905275037062579
0.03970228345936228
0.08363609730290121
0.023955190987807923
0.023020351186177918
0.025142615902887914
0.026397052952610276
0.027964161390314234
0.05329090639435012
0.02850437899328897
0.029899619176486057
0.04004798290933932
0.030351229196671266
0.026000554607137395
0.0778349947629914
0.039885914687805904
0.035936721894641185
0.026201020567958918
0.06743340541664831
0.055605298627754034
0.02513358929367126
0.01662360751024921
0.05870338321205806
0.03249248973061812
0.02510425215687378
0.04197599158365408
0.04064233811845168
0.028205800149690135
0.02308950395120613
0.0239600152837801
0.05204864688205597
0.04968640595325269
0.047047184944827236
0.020636504379518587
0.022502127248023092
0.036178452649218
0.02559215680932915
0.019512986619796217
0.024322223636835557
0.02497585633883036
0.013570186746274603
0.045336521696299314
0.0699840856531378
0.02929317709540242
0.030656236933407792
0.01538513198591255
0.01342623467268101
0.013054901754066092
0.028443650543240124
0.19524751760964765
0.08058810824977941
0.06908648515898927
0.07557698922103336
0.03644828890763416
0.02782013332661932
0.02777685861380225
0.05881764326878856
0.026226032184083658
0.018121714603380655
0.08637954631583476
0.20882717963982503
0.19270027423446098
0.12172573552153812
0.0392967255370579
0.07843408645291267
0.06746134957587667
0.05134675984877033
0.03188303408638478
0.08053626405508739
0.06942642019090146
0.053148863757840066
0.024980553733947655
0.04077048101341994
0.04540995148749187
0.023640356118417475
0.023728724092381588
0.03102332924679323
0.01590496412697168
0.015908524188803154
0.018729262558767442
0.015738849905354638
0.03589251061303316
0.10487498949153413
0.03326409347285115
0.030706769459106123
0.03183177578416532
0.05639148304331245
0.03299846534781832
0.06749099525342021
0.028235641414508354
0.10941102184808878
0.040642961313755346
0.03288065755071424
0.03479262272393781
0.027970717240381856
0.02671893369175638
0.0776029581320472
0.05295755035757761
0.03665338567827411
0.05621773281319324
0.034864316482683004
0.06522819031268792
0.05138074662456096
0.026064029437136548
0.021880956527231068
0.042246653120322476
0.023501057145165698
0.029283049559784682
0.11615272909643706
0.054967227205232685
0.1445595728361915
0.11537652587566267
0.04429809807183558
0.023328308547457585
0.103303118484448
0.11789289785243956
0.0632886870991005
0.05208005735867432
0.028254759762885755
0.05634916148244821
0.04074412089338976
0.05135558987867312
0.048228449983008466
0.07726967854200509
0.04079421280465763
0.06477571543153568
0.048428148256036745
0.03312716141728492
0.024510891447726894
0.042034125893380785
0.020987545732200016
0.018409850644369223
0.02284264758656781
0.01137613984284489
0.1189833540943098
0.045151634444884056
0.043924628108627455
0.060050839263692916
0.041976340450266186
0.02850255027843904
0.08460302464663982
0.1277459945212568
0.11907718793874414
0.09843901040610568
0.04434323383511269
0.03380334095433274
0.01777071668365007
0.0723055224054782
0.07084029293940242
0.10453183211161401
0.05116413860854789
0.04021740788373101
0.08243618080199792
0.05573277603353149
0.03457813089360194
0.027594677784785242
0.03287512630400858
0.06527168731052621
0.020846428321513892
0.03651289998228533
0.2549410147014363
0.08409582628418916
0.1237307342636431
0.19479104015044868
0.0683054958534395
0.06684376051296191
0.0888311705845087
0.046127411139454566
0.13799839279241058
0.05884653484500977
0.047964102414974556
0.05528521975943947
0.030652780641785598
0.04215398103857798
0.02908987667540024
0.10302135161553702
0.11751764620341168
0.03524208530996412
0.07650867781947078
0.0461848972963394
0.041243909533007134
0.13433737973361437
0.045511564163587474
0.048890525755143306
0.10837001155796942
0.07130885210514454
0.05868222539369338
0.08051616731822363
0.07084462467324117
0.06201606556564441
0.04861276338463007
0.05225852924471336
0.03406456356229871
0.050184880185356474
0.047359236566237466
0.026725618027708623
0.06936193070001097
0.19052394808687526
0.06351089069684004
0.07577340359446304
0.04336686172434289
0.02745256830681244
0.07401442098640033
0.0698590849783143
0.02274031630829619
0.03681678863258326
0.024035461172702367
0.01877702296468638
0.025531335130679133
0.029632551754134352
0.05467509095640331
0.022994044698485785
0.022715323632241803
0.058031469559425425
0.02300537921135025
0.06461917698796807
0.1563273090467756
0.06368765008940908
0.050301464117967105
0.05447740003000945
0.04208297952849033
0.05042525926396122
0.04169642381422254
0.034257671318081176
0.019972525033216667
0.0905471624453263
0.04406590060459386
0.10269762808457017
0.034669957675666004
0.0375101872316385
0.04204812348250236
0.07415334891190688
0.03691447920171977
0.056087992116929324
0.027390159365715025
0.027613610547068047
0.03678601301387595
0.0442799293448153
0.04303183200054577
0.029421985835832512
0.04943489899923061
0.086428535668629
0.10760546106331308
0.04659103421927911
0.0764229026831815
