2.9324031472206116
1.765186439860951
1.5623912431977012
1.4469589320096103
1.3667504679072986
1.3663189844651655
1.2202287451787428
1.152556912465529
1.1440538493069736
1.0728734325278888
1.144499339840629
1.1241713139143856
0.9824555191126737
1.031471918929707
0.9553703557361256
0.8551527613943274
0.8554718494415283
1.0252176279371434
0.8331802731210535
0.8959415825930509
1.0546022247184406
0.8110288164832375
0.6996784101832997
0.7916137129068375
0.7041506956924092
0.6419317397204313
0.7362359247424386
0.6903754838488319
0.778323149139231
0.682303402911533
0.5710673399946906
0.6788222938776016
0.661323605613275
0.648188825358044
0.672684521837668
0.6783203130418604
0.6168136894702911
0.9141704399477352
0.6686222417788072
0.5000002438371832
0.6242354823784395
0.722157670692964
0.5564337630163539
0.4857387353073467
0.6276329755783081
0.6268600388006731
0.49789418144659564
0.4786416996609081
0.5696605024012652
0.6952003172852776
0.6819167963483117
0.646271975202994
0.46121023866263305
0.688957008448514
0.6440306847745721
0.5850577218966051
0.5161209885369648
0.49346127022396435
0.5649817274375395
0.5776419571854852
0.7043464441191066
0.5967455641789869
0.478071621873162
0.5174850537018343
0.40344831347465515
0.47022688456557016
0.34478542547334323
0.42608162422071805
0.4657307571985505
0.42964533174579794
0.5093872906132177
0.4349580596793782
0.34348785606297577
0.4022677561098879
0.48394091020930896
0.4697683643211018
0.47059908509254456
0.4417967965657061
0.48129163817925885
0.35731807486577466
0.3364990014921535
0.4560148763385686
0.386506089432673
0.33834973790428857
0.2967504364523021
0.3595613559538668
0.3863808058879592
0.3962780582633885
0.4215486083518375
0.2891010303388942
0.48897330462932587
0.6459044983441179
0.45955224199728534
0.322044199840589
0.4240891378034245
0.30590232529423456
0.3586884865706617
0.4767922393300317
0.42919980734586716
0.3480752543969588
0.4220930087295445
0.31341898983175104
0.5409510697830807
0.37408229640939017
0.41147156940265134
0.4540241679007357
0.40631136094981973
0.3349728360772133
0.3723867278207432
0.3844170489094474
0.26124743846329773
0.3363363444805145
0.34263904663649475
0.2868847420269793
0.2772746512835676
0.4407933679493991
0.4048954986713149
0.3976570272987539
0.3242396461692723
0.3567239466038617
0.34938953816890717
0.32272798364812677
0.37756613980640064
0.41973198882558127
0.2737570848654617
0.30834531445394864
0.2587629898705266
0.35103775560855865
0.33228888227181
0.4281376884742217
0.35415991192514246
0.43147685446522455
0.44806087626652286
0.4038112380287864
0.46332742138342425
0.31614500419660047
0.4792851229960268
0.35264015333219006
0.30462233485146
0.29021010480143805
0.2891629764979536
0.27108955349434505
0.28263529390096664
0.2842846837910739
0.2067533792419867
0.4363432079553604
0.5717487626455047
0.39590983905575494
0.6248288303613663
0.3841033828529445
0.41182593696496705
0.41560395332899963
0.40886320309205487
0.5213501074097373
0.2931402081793005
0.2559553879228505
0.5075573487715288
0.43584628064524045
0.5050391751256856
0.39814399115063925
0.3324194157665426
0.29150763154029846
0.3403182761235671
0.3647246611389247
0.3352271660485051
0.3669041998007081
0.32438107105818664
0.31121216782114725
0.3253919973292134
0.37417518720030785
0.38388869301839307
0.28356513821265916
0.22345189716328273
0.24886637604372067
0.29405090382153337
0.44431342015212233
0.46646341613747855
0.5090536312623457
0.3762133019891652
0.2587356303225864
0.3867795911024917
0.3267625959759409
0.2561395046385852
0.25007231398062274
0.18482076783071866
0.27599016881801863
0.3293329981917685
0.30308285795829515
0.32019760899923067
0.22214355319738388
0.18689103322950276
0.23049758899618278
0.44303463297811424
0.38439552689140494
0.32654255764050916
0.24279158968817105
0.24828185682946985
0.30580933866175736
0.23863132602789186
0.23966341059316287
0.42824774235486984
0.4084333303299817
0.34414211999286304
0.3052794835106893
0.2656582082537087
0.4562443992631002
0.43497710810466245
0.3131498867137866
0.43891431188041513
0.30525620078498666
0.3227244151586836
0.22260007871822876
0.34982772036032245
0.28430706702850084
0.24957616153088483
0.26105096021836455
0.34801545095714653
0.25430524857206777
0.30898764898831194
0.46565012430602853
0.29853932932019234
0.4451242278922688
0.2750799645754424
0.40867593173276295
0.2749643349512057
0.3666723688895052
0.26601608436216007
0.2898922081698071
0.3188757920129733
0.3630856729366563
0.34402256323532626
0.36274081604047254
0.38588315079158003
0.2523784755983136
0.2487715304913846
0.20312224667180667
0.349778761240569
0.35267963192679663
0.31111320074309
0.2571402808481997
0.18321968818252737
0.2771865923634984
0.27105606956915423
0.40962973914363165
0.40822740203954955
0.43451018699190835
0.23166281696070323
0.24841268360614777
0.27502901513468136
0.22212465750900182
0.1614219124682925
0.3074127352711829
0.2899515408683907
0.4078548821535977
0.37754133479161694
0.17237232794815843
0.25021877173673024
0.20541691915555435
0.3154819472269578
0.22403747351332146
0.33876948498866777
0.2819915071807124
0.350005506453189
0.24477996440096336
0.19414944387972355
0.22032513791187244
0.25796438042413106
0.38317272744395514
0.371309179474007
0.2503206530077891
0.38292813301086426
0.2343392250212756
0.18865542791106485
0.2867257385091348
0.29072454893453553
0.3199308192865415
0.20920795608650555
0.30183140510185197
0.24031085520982742
0.1859799318692901
0.21494664522734555
0.2726311241699891
0.27873264490203425
0.42409665340727026
0.26027557253837585
0.23487603935328397
0.33065909960053186
0.4667233740064231
0.38596981967037375
0.28073363277045166
0.2470818649638783
0.2195825283838944
0.2260893683203242
0.3269050517542796
0.2602818875827573
0.25008401850407774
0.2942462715912949
0.31585757502100686
0.252034375613386
0.2447204322300174
0.27174380218440836
0.17472271976823156
0.24625469202345068
0.28935388069261203
0.3338856388899413
0.2849422676319426
0.27365687184713106
0.2531759139489044
0.404200654476881
0.19993631507862697
0.16637126153165643
0.14423598535358906
0.13843412273986774
0.2132032566111196
0.20722937634722752
0.2002858810804107
0.20628182420676405
0.2184078891507604
0.21922117759558288
0.3091224409978498
0.15713190964677118
0.16555287536572327
0.250578162683682
0.18497761982408437
0.1742792950773781
0.2001498778435317
0.18970962207425723
0.30186825347217644
0.2776136669245633
0.41374800574373116
0.15209365365180103
0.2224804979156364
0.19017378477887673
0.21776747551154008
0.16688579066910528
0.3359561262821609
0.2684199234301394
0.29096672040495003
0.19771893999793314
0.24683788283304733
0.19891784272410654
0.24576462466608395
0.18212171457707882
0.1425126404924826
0.23913093419237572
0.22068576667119155
0.2411800499328158
0.15717233497310767
0.36398427620191465
0.1793366176160899
0.285863659767942
0.32184868915514514
0.3343984449112957
0.15237231095406142
0.4022469984536821
0.3257176953960549
0.2224736957048828
0.16548110510815273
0.2003723946823315
0.12576275919987398
0.2735837570137598
0.35447895459153433
0.15873011303218929
0.226798599247228
0.2184159652414647
0.24296410415660252
0.11767126721414653
0.151972913691266
0.16139594135297972
0.3410404400730675
0.2941777106713165
0.2663227025080811
0.14716653254899112
0.24324045431884853
0.24534636177122593
0.2807533707131039
0.2597762078724124
0.31215125220743095
0.23649714582345702
0.18040081723169846
0.2367457500235601
0.21083708344535393
0.15621154196560383
0.2312984201549129
0.22392852197993884
0.21160577339204875
0.1377680724994703
0.14712993004782635
0.19000174206766215
0.2077538421885534
0.30346425758166745
0.22223377160050653
0.25484967655078933
0.18839704177596353
0.33177325993098994
0.3430924291976474
0.3115157617086714
0.1929848471825773
0.15217356451533057
0.25317233123562555
0.32559880072420294
0.1827005227519707
0.2788744645023888
0.19708060439337383
0.19088350829075684
0.16237710331651298
0.24613310819999737
0.2938359511846846
0.266441124914722
0.161990236998959
0.31246883811598475
0.24219338155605577
0.20161377621645277
0.1980170885270292
0.22198248451406305
0.365970393134789
0.3200712871145118
0.1915784850716591
0.30335086617957463
0.31772097758948803
0.15933267044072802
0.23569472929970783
0.3645364288240671
0.21481431512670082
0.1091407976875251
0.1731010584838011
0.3139316553080624
0.27544787305999885
0.2870975375514139
0.25100449777462264
0.19796882561323317
0.1609845831990242
0.2704670671373606
0.2924994939768856
0.22094343467192215
0.32934838262471283
0.3379640921273015
0.2691197156567465
0.2905365709554065
0.23148839582096448
0.26910106194290245
0.18408473462543704
0.2017597466368567
0.18650678037242455
0.12287237071855502
0.20716559810733254
0.14583221594379706
0.2745385097170418
0.25378524004058406
0.23069144429808314
0.161253700371493
0.21946632413362915
0.22468194856562398
0.24839150871742854
0.2284942954270677
0.17024103772233834
0.22634555763480338
0.1605643370950764
0.1727796975861896
0.24030156535181132
0.22242849404838952
0.17434474791992793
0.11033841137858955
0.2736478103324771
0.17131628163836218
0.18337101438506084
0.18699364821341904
0.1319083905863491
0.2024764779277823
0.15849452668970282
0.32665377618236974
0.27267965488135815
0.1821409726346081
0.2524853280999444
0.18160552311349998
0.3034160543571819
0.17209413562985984
0.14804678833620113
0.1809285721656951
0.27485500360754406
0.16288566843352534
0.2858884210952304
0.29847264526919887
0.2743485192344947
0.3242998703975569
0.21304252269593152
0.34078320234336634
0.13229095241562885
0.3513260436328975
0.2989248995753852
0.3238549522039565
0.31901136819611897
0.1969897093420679
0.5345366834239527
0.24878394789993763
0.26955988207323983
0.1700209187851711
0.09352545490996404
0.1280909309333021
0.09829811455512588
0.19096261711621826
0.28252071734856476
0.17498016662218355
0.25724348781461065
0.16392594812945885
0.3179893083870411
0.185536323284561
0.19584259314631874
0.1880822924219749
0.20673013004389676
0.1348927149718458
0.08473642102696678
0.12840476479719987
0.12951829673891718
0.3095840633084828
0.23691247166557747
0.20079624618996272
0.17600800291719762
0.1699457261711359
0.16592500257221135
0.13247709526595744
0.09556929335336793
0.12215030548924749
0.19415933511812578
0.16261351997540754
0.14213073448362676
0.22052971565757284
0.1435684882612391
0.15420791997828268
0.1580912736667828
0.2434405404227701
0.16838181679221717
0.10136676854877309
0.13453576967797495
0.11313276416198774
0.2419866028834473
0.27476837689226324
0.24301456592299722
0.10228680963204666
0.11291126834905961
0.08662253067913381
0.12207032994113186
0.22310738400979477
0.11086262322284958
0.2041385488753969
0.30826903540979733
0.17805420505729588
0.19755396763370794
0.10526193576780232
0.15339206167581407
0.1253654769706455
0.22825164449485866
0.12936836819757114
0.2116284045306119
0.24816931005228648
0.31513720141215756
0.18675856122916396
0.12604606701907786
0.2714965944601731
0.2785105442797596
0.19757259941913866
0.13168354188515383
0.36562522864815866
0.17663892494006592
0.24023683149028907
0.18340822343121876
0.2588938576253978
0.18252324549989266
0.3143059655346654
0.28218436969274824
0.2999168732626872
0.2762777724049308
0.30057938887991686
0.28013182566924527
0.18380874547768722
0.11466898896138776
0.13626318010078234
0.4154303643683141
0.3816065219315616
0.11600376817990433
0.3105886032466184
0.22902513498609717
0.18359395150433888
0.2473731328817931
0.15634485833685507
0.15004498782483014
0.4000116645951163
0.2897673151032491
0.27609561366791074
0.1860061057589271
0.21044958721507678
0.250082886015827
0.21564464897594668
0.1344800011508844
0.17131949241527103
0.26571205410767684
0.16191521388563243
0.23328524472361262
0.19334934634918516
0.1152796886691993
0.1097644419324669
0.19105185898528856
0.1995234206657518
0.1982893016697331
0.16027959681708703
0.23005617680874738
0.16450602531602437
0.13802992467853156
0.0901305645026944
0.2628859731538052
0.18117339570413937
0.12248064907775684
0.15577606933022087
0.12858258695764976
0.169072158803994
0.21116711351681838
0.2400552396747199
0.21905676495622506
0.17111015641553837
0.08634279507466337
0.16682903087613257
0.32942466166886414
0.3149397051469846
0.16765135831453584
0.3510860382494601
0.23901853727346117
0.22920102389021355
0.21452609475024723
0.33182977741076186
0.12472690015353939
0.16556303228505634
0.38167565112764185
0.10639685942706736
0.14278848824853246
0.1979899872517721
0.3070873524993658
0.2972205455668948
0.293019136921926
0.18778108585287223
0.30330828204751015
0.17202655209059065
0.2174791737713597
0.2527780466797677
0.18459217555143617
0.27589428932829335
0.15658284664492716
0.23498282632367176
0.16707140588286248
0.24900059114125642
0.17095813612368974
0.221289196644317
0.19970744611187416
0.1263884108682925
0.09847058224576441
0.21045131244781343
0.22962146083062346
0.10589047792282971
0.12571051259609786
0.1302625109780241
0.2506350874900818
0.32499188963662495
0.1887157332490791
0.21093475945632567
0.1421336428346959
0.13811006447808308
0.18424946353347463
0.24745997718789361
0.16878862518139862
0.22955059268596498
0.09217881038784981
0.28027273612943565
0.11359877604991198
0.19756191393191164
0.12710638183423065
0.2869322822344574
0.22210565878247673
0.19885507674718444
0.2042230785909024
0.14364908119155603
0.2173090134323998
0.20690719478509642
0.2957974933087826
0.2710206280039115
0.18211401457136328
0.26446190501817246
0.1478838918053291
0.23597070286897096
0.11553681819615039
0.07819975023581223
0.12817568916150116
0.14198547025973146
0.0761130886067721
0.3371795655058866
0.18047050860795108
0.14313965807245535
0.13997648258439518
0.06283689544282177
0.15998989800837907
0.11995094718242233
0.13701193347911944
0.2523317241363905
0.15295276553793388
0.19248976279050112
0.14920911616222424
0.0936557981185615
0.14303869881074538
0.15755322909998623
0.19927870837802236
0.15663905374028467
0.13381004269996827
0.15433918955651196
0.17875645936212756
0.15598852542990987
0.1471821954473853
0.24071560173549436
0.19311900352212516
0.17837388258935374
0.18727736750786955
0.15153181180357933
0.11221164803613316
0.2262319331480698
0.16254343278706074
0.2169020354578441
0.19816310720687563
0.1288161141882566
0.14133018242533912
0.4223048170520501
0.18868409131060948
0.15725116507912223
0.17466652367941357
0.3913399434055794
0.20529535514387218
0.22157264517789538
0.23129421853545037
0.21656115268441764
0.08510217595506799
0.07476646372709762
0.30956191290169954
0.1593001691455191
0.28530826538123866
0.17890332444486293
0.234181075272235
0.26974510469219903
0.2590189376337962
0.1594768866727298
0.22114705040373586
0.24366583878343756
0.18835012428462505
0.11804932677610354
0.39466616164215584
0.25752134231681173
0.23514987672255797
0.12971916159784252
0.10998152729801157
0.20059518566863102
0.15858349627391857
0.18087964217093858
0.15973530811342326
0.16943614172156563
0.26821776073087344
0.1352814161642031
0.159218361728232
0.16673108952289278
0.21753782135519115
0.20267450648613952
0.1748004122213884
0.09715181978588755
0.15255231435664676
0.06657188974151557
0.15635682435028933
0.12963514161211523
0.14335615128617396
0.1698106270791455
0.18726548671045087
0.19891086474738337
0.22520162834023888
0.15777281773361293
0.17793687640435316
0.23895166018469768
0.22931725523349913
0.181337011216039
0.17327693849802017
0.16662265089425174
0.11184754671359604
0.19738935196602886
0.3400571121072227
0.2685736891898242
0.3255989094349471
0.21287535342641853
0.318664111958986
0.30833104405213485
0.14389811278405515
0.20621193462813442
0.21961132758720356
0.14431383206763052
0.24229445613243364
0.21500472868369383
0.26837646563283424
0.28491839072243735
0.1788627491755919
0.19771647368642417
0.06663944783874533
0.20110777143219655
0.06125952049412511
0.13063628488982265
0.16911339624361557
0.20218680062415925
0.21317963632331652
0.2872265553609891
0.19735382598909465
0.20299385538832707
0.10825263840061697
0.1622203465297141
0.24896629044616764
0.17855641796168956
0.18725731029090556
0.1471870095384392
0.2515935078263283
0.204254721630026
0.16710771349343387
0.22077049839903007
0.15098647443069654
0.2555150060321797
0.13312043181874536
0.11984898344698278
0.1637263491072438
0.18035554970529946
0.22449359915811906
0.1647894730452787
0.1340754458426752
0.11232134407724846
0.14082396098158576
0.09708955858580091
0.11592336041344838
0.2708081699569117
0.13469593294642188
0.17931461622091857
0.17607602824202992
0.11256319521503015
0.2430927250534296
0.19684880243783648
0.17166086912832476
0.14430363556708803
0.18165452947670763
0.1867492664605379
0.14190306353636764
0.2049429083920338
0.1067733999172395
0.15154571644961834
0.31283822003751993
0.17193607054650784
0.16321301011537964
0.07304282850501212
0.16703804523091426
0.20802272390574217
0.2223663798279383
0.23337747977877205
0.18757613121785902
0.07891766049645164
0.14740796501494266
0.16132372139360418
0.1433667767030949
0.13746784436939793
0.23915529445829717
0.24241333065385168
0.1357469457963651
0.12497625703161414
0.2209594568914988
0.28108282412656327
0.18877515874125742
0.1424310566349463
0.19102576722136952
0.4218824540518902
0.1309729917821559
0.18879992269318213
0.31022380546412687
0.3046905611726371
0.161806136962365
0.16116455459797924
0.14538252277469094
0.2351716844872995
0.202474055219103
0.26443033005026256
0.1932895671237599
0.21107826280322942
0.22595948946069588
0.2013728100467812
0.19471099989658053
0.1260296872562983
0.06553171879865906
0.1844679816118018
0.14480400398712268
0.12852320934391834
0.10606720836155793
0.13282850147648292
0.13691183988174255
0.17310397157614882
0.25405298749154265
0.178842213682153
0.10704156824133614
0.10011289395730603
0.24548363592475653
0.17664142782715234
0.1564299309287559
0.11366592555052855
0.12470459332689643
0.07126292019066485
0.07832932364280251
0.18387026305903087
0.20912365522235632
0.08688340441916477
0.2040123160589825
0.16057257637889547
0.15155812484127554
0.15182295661758294
0.15916466315022923
0.08836621410128745
0.3314956949854439
0.1425511690533974
0.11117786253717812
0.18973812799562106
0.319351634434001
0.14816019844941117
0.31683735524050216
0.10289940974590453
0.16301906218921597
0.11372284912927584
0.04663407332687215
0.15094630521806804
0.19618110604245553
0.19117535930126905
0.142191822047938
0.12286029679870064
0.20084483388134025
0.21965239374813708
0.11812430383129553
0.2426680853082375
0.1551714019680565
0.290663105012341
0.2132827966389331
0.22566052179106258
0.08159894140606577
0.08962178492749279
0.23089933471584861
0.2972657259723002
0.1043446296826005
0.33166275613687257
0.13751807173883374
0.09298404458571564
0.13191137759184296
0.20590251688422126
0.2575693193145774
0.1954158605499701
0.20030775920233942
0.15404379994354464
0.14794536798515104
0.22489092278886924
0.18470111963423816
0.14656278829682956
0.3319093090566722
0.23217820782553067
0.15607806303623048
0.1368120194158771
0.14642831894823097
0.15001633890311827
0.0559943830171092
0.06268972729925405
0.11422878326001493
0.09392080646516247
0.16031579207628965
0.17759734891693701
0.19755740772763436
0.12743214627897198
0.18025962784039704
0.10031839096072045
0.12574405637993055
0.20144833586263386
0.13799711930650202
0.15552152066745542
0.09230769095434384
0.2805840003473515
0.09694299694489349
0.20640456642616878
0.12180151566016403
0.09710147714411671
0.13127261099659585
0.09100662137974393
0.2073616717349399
0.3256261334331198
0.2916841701689092
0.13022096251899545
0.1794643203981898
0.1416012986817143
0.14932888081635942
0.13757029819217595
0.14980974154208193
0.15517871005629952
0.2549491030248729
0.1551887023432011
0.09942919646643779
