2.0596835071390327
1.3610858524387532
1.1871866543184628
1.0538890023123135
0.947753019630909
0.9365897659551013
0.8359179273247719
0.7743986357342113
0.7357512651519342
0.6776531504636462
0.725204336033626
0.7186960750682787
0.6084629751064561
0.6368242380293933
0.5940408114005219
0.5121556781232357
0.5132860419425097
0.6396915875375271
0.49851027148013766
0.5408749737861481
0.6687162975696
0.49846588989550417
0.4123377012596889
0.45729517174715345
0.414777104488828
0.37039195966314187
0.43035021398893814
0.40338123301890766
0.47557456520470703
0.38947898030958394
0.3472140868279067
0.39081976715136657
0.40712688744745473
0.3602051389488307
0.38896181197329
0.4042605215852911
0.3582871457223188
0.542254640636119
0.39326806899837474
0.28506184377792204
0.3654675857925957
0.4159112513404001
0.3246669610115615
0.2724576418034055
0.37018393115563825
0.3610892675986344
0.286747146143832
0.2693565244871107
0.3428381481631236
0.4103384510698644
0.42585847746919503
0.37259793654084206
0.26537895473566925
0.4056390503590757
0.36971608515490184
0.3413200610401956
0.29915769533677533
0.2850836406207897
0.3299341592937708
0.3328846089372581
0.40604895759712567
0.3417146583511071
0.26938452292233706
0.2901588205925443
0.22408842452039773
0.25982342127033253
0.1961445016786456
0.23968377565457064
0.25676543367179955
0.24221959202127022
0.2946743607013063
0.24171984229575505
0.18873772329904817
0.22279310967265206
0.26558393688703125
0.2568555154245008
0.26582512157884514
0.2558306900107048
0.27007625285874715
0.1952857533046468
0.1847272823056714
0.2510724815709347
0.21885411462492563
0.18416365790604192
0.16311367812820457
0.19876014064489442
0.21067922617393461
0.22473874992944978
0.24104200176556
0.16043299487368626
0.27207629873671313
0.36172146223146806
0.25464935854754667
0.17647430884905838
0.23666334723715077
0.1661818214184181
0.19599724527109752
0.2679609341377562
0.23164158780127764
0.1958795010366223
0.22976966375823726
0.17495499195700343
0.30397301768376067
0.20260444981977344
0.2293530534952879
0.24915782116692176
0.22359536164863544
0.17954480364410716
0.20240439068187366
0.2093193041668697
0.1450004857033491
0.18300740981728517
0.18724215805361216
0.15678750143640421
0.15246936661953275
0.24086258822882717
0.22338047356937418
0.2195321305400946
0.17705232095481319
0.19636108180169354
0.19193615722046656
0.1752865467728539
0.20405442043292252
0.22871411617167972
0.15172603993083944
0.170162304346873
0.13977298074909908
0.19030283990485425
0.18549318812702867
0.24139676657928663
0.2006625190207904
0.2336672058921646
0.24999949111687866
0.22701562962240793
0.2588965061374686
0.17050837884149092
0.2703668318942867
0.19361274448138746
0.1650468511506915
0.1562829036477276
0.1561362778302282
0.14409876009449363
0.15358757701787082
0.14956381817517633
0.1120574246160686
0.2416468681767583
0.31528749071400275
0.21914788691157644
0.33884033539586444
0.21591009089553898
0.2343303416432305
0.24030243622308428
0.22687391445718028
0.3022212294692343
0.16287739200263537
0.14469960878010502
0.27618422045965085
0.23728559009561484
0.2813047435642643
0.21751325674863023
0.1825156585228714
0.15667738786644556
0.184042289853096
0.1955701959192414
0.18084560673345218
0.19511278689076955
0.17187468510713766
0.16523301548493857
0.17583738153123044
0.1999986792745238
0.2065029720225456
0.15535654830323023
0.12355356570333242
0.13440886679613454
0.15814351197332144
0.24753321139988574
0.2694602214138616
0.2761441459879279
0.2053710497831079
0.14263404488817535
0.2113956893709573
0.17817569672214714
0.14037527950395914
0.13587818694808942
0.10149142768403346
0.14981586498801003
0.17581179045902734
0.15874343665994026
0.17012142449278722
0.11720307152294977
0.09996614137410441
0.12344771643719551
0.23690985651178795
0.20972273172810674
0.17630187824199145
0.12919025260701097
0.1327770320296457
0.16834560777484017
0.12814731162507087
0.12882854519623585
0.23025031218474562
0.22054776409640908
0.18487382106567649
0.1658364576499232
0.14431179378351028
0.24193583418276499
0.2279443810058927
0.1704794846009463
0.23044735129753297
0.16687546717002988
0.17390568579801105
0.11997431973842057
0.18508349687115036
0.15174989647824655
0.13348703924566507
0.1384114414580505
0.18354252095080234
0.13589046626690438
0.16211730378298936
0.2509564452550628
0.1614833222067153
0.23640158884650606
0.1484895467080853
0.21862031760710207
0.1499026641461321
0.19686728042804383
0.14118346080861308
0.1548160619991408
0.17047840250994672
0.1948557281231677
0.19028056095438925
0.1934237247756259
0.20809588792987846
0.1368110263931819
0.13289695146324282
0.10920389256948097
0.1869719781997529
0.18689167014831168
0.17336315873333
0.13621132568964225
0.1001729955685071
0.15218331332487817
0.14540366243190048
0.2164055543782359
0.2224713526242836
0.2338379984298213
0.12587468878535385
0.13665715234608136
0.14601527416909282
0.12119573980188844
0.08728288845370778
0.1656389144376259
0.1541673288130286
0.2268431230278855
0.20644515054300427
0.09257274054371836
0.13386972564992242
0.10904562634161928
0.17139639870517634
0.12129986140115018
0.1824795414312658
0.1498360115272755
0.18561197802509097
0.13212630144235762
0.10234370427629487
0.1164990677445365
0.13636770197825338
0.20475606417114084
0.19828508163548328
0.13815075349570674
0.20496403584680098
0.12649236000354655
0.10140865978742526
0.15226556759708645
0.1532686612335965
0.17073495537889274
0.11274741058745845
0.157764937707477
0.12950659141113813
0.09989718103315681
0.1141655847525478
0.14552072039805353
0.1495651969347488
0.2286614098332145
0.1391023931686174
0.12704726663121785
0.17412489181680774
0.2613029348325323
0.21317389129068365
0.15227398684840987
0.12958522237286987
0.11948235989124938
0.12124585957181724
0.1725349467120726
0.1374708547955379
0.13506384332537313
0.1590467443986034
0.17508797639642248
0.1340294790306044
0.13061902403238823
0.14401852967090567
0.09281070446807214
0.13002690358553082
0.1639616953272542
0.1763700867833739
0.15287124362393198
0.14774792632934722
0.13725200238298962
0.2143073923970488
0.10977927226022902
0.09244691094764593
0.07921367037554526
0.07405618629524145
0.11109902804442258
0.11012784121769735
0.10796097543259914
0.10850628027269109
0.11433084059337323
0.1168135245944458
0.16933826153928583
0.08970953070622106
0.08679739184233105
0.13477663529655812
0.10337475650224158
0.09221494390989061
0.10757314418019219
0.09988426399650052
0.1608123981965367
0.1486928511876613
0.22559010148556394
0.0836404247675091
0.12030360464599323
0.1007101611996239
0.11546698151240972
0.08791640315162526
0.18410382750020785
0.14364715230608868
0.1524664364564656
0.10709463295907798
0.13215439675629817
0.10455584578978067
0.12957645060536874
0.09840032585303891
0.07620017479216172
0.12698451765093274
0.11684490701141344
0.12837130974300884
0.08435396665432067
0.197439680383964
0.09760283790952103
0.1486264786429026
0.1708090171344917
0.1778582053957507
0.08476119665217331
0.21323693460065193
0.17254154877313835
0.11967909811276266
0.08933798826976934
0.10540178493300284
0.06950663465646688
0.14395645266102458
0.18832396527498282
0.08407364386684177
0.11835952786813406
0.11452747242186558
0.12674249572129073
0.06285118715922264
0.07885647042844952
0.08356269731567326
0.1827434973410246
0.15754349222830075
0.14315365239004182
0.0799421466125006
0.12620807088255373
0.12916850166352975
0.1472634254446761
0.13569930716502396
0.1631700390187854
0.125266776769422
0.09540596584239128
0.12155570805771276
0.11020731517981569
0.08318049625218422
0.12163565614239567
0.11787612793374468
0.11319725377358157
0.07286820873956788
0.07715014305325564
0.09853327116632665
0.10849879431241954
0.15852142424872992
0.11759468043667519
0.1370084399505603
0.09949391220421107
0.1731462984621017
0.17925070100252263
0.16670374904589896
0.10240588399623944
0.08121782217428765
0.13269383940761062
0.17543220161248677
0.09869544657307085
0.14495916733391245
0.10528362229127776
0.10025380315809426
0.08572950131069361
0.13416140955153175
0.15447529978965494
0.1403656879291785
0.08500297822650861
0.1666356270328503
0.12826562857001342
0.10568818526173179
0.10586479218380357
0.11759565969061275
0.1940871513109993
0.1719454772220078
0.10746943900911984
0.16168824561067263
0.1685424413299188
0.08680890253956684
0.12467735696224157
0.1973674145569517
0.11210076889785175
0.05825488724936308
0.09034149740314619
0.1635981173127551
0.1477065134941685
0.14993141080379824
0.13034110650716518
0.10479030710518021
0.08497229594716126
0.1431321334834634
0.15885327756404877
0.11556502119426361
0.17847435385920107
0.17851948086172342
0.14237299212254584
0.15411227671641178
0.12402781818739393
0.14441279059445317
0.09651090719059786
0.1062544647297314
0.09915682246950878
0.06541695987636392
0.10901797728994014
0.07833388275255194
0.14499514689669013
0.13561339246701787
0.1218906894527291
0.08755277898374268
0.11488084907283667
0.11820501608202573
0.1330392699244178
0.12030767992837355
0.08929320502052591
0.11833111405774782
0.08363723328379406
0.09315033327385952
0.1286763392060741
0.11722687454047528
0.09518867123088884
0.05745678894560446
0.1422633886527778
0.08967513599517671
0.09638751554832031
0.09951429736842825
0.07412211773705414
0.10805244084489955
0.08599300592587414
0.17305915566711602
0.14428198149173774
0.094222333004423
0.13210840095152063
0.09705771748717366
0.15819802949607203
0.08941620278743688
0.07761471438094635
0.09331795533282937
0.14266037619249386
0.08470182563707401
0.14696301715131002
0.15812580797567286
0.14565934621813623
0.1688178051368926
0.11136315800567073
0.17592993628403003
0.07063795433549042
0.18532484230077403
0.1546818596173332
0.17139231273904443
0.16703582599505104
0.10341604267755015
0.2813062464860691
0.1343161774460565
0.14228959174149416
0.09089148050936108
0.05138077067253603
0.06721587719618004
0.05419542272681032
0.1014480957184622
0.1464435500621965
0.09155948342099278
0.13354554508855057
0.08673561918443408
0.16551032050682063
0.09764065487648953
0.10210721494248984
0.1012779852819883
0.10880547281439332
0.07017130045146174
0.04449362677141008
0.06863581704436167
0.06746734628475017
0.16249606863129884
0.12359803514978425
0.1054356175802902
0.09060553871412677
0.08738529857576148
0.08502448508939282
0.06816616259113123
0.04986333903798368
0.06291984770028979
0.09958311654521491
0.08371888900927099
0.07440493664365601
0.11363401008896869
0.07505406759975647
0.07880494528217241
0.08255570071791722
0.12649812508607283
0.08743765664985403
0.05328228571505116
0.07166160737555897
0.058686197888825765
0.12671676974489607
0.14266148596917363
0.12531381267101757
0.05350791293841956
0.058680623028935355
0.04458023279122161
0.06361114161104937
0.11428156377885236
0.05736616763963618
0.10579987150214781
0.1611703452654183
0.09212722040088424
0.10070727398587306
0.05580926216630773
0.08027504587450741
0.06660926675910807
0.11762811909747226
0.06784753850661218
0.1083365400276803
0.13034092915371398
0.16446403955871408
0.09908235892759297
0.06764571257041428
0.14579778600653465
0.14690885815600102
0.10366111891132525
0.0683737398490352
0.1942212685244158
0.09275916615363465
0.12507734319131653
0.0955233434162272
0.13507481895133175
0.09432897272794931
0.16247200370046563
0.1463672269707207
0.1608013434716585
0.1459865182828666
0.1546816302844408
0.14692888938059862
0.0949078323954547
0.06033163953477263
0.07287971230901101
0.21870756225491111
0.19847471424674784
0.06431537830609489
0.16162871896416287
0.12161115289200097
0.09590740812762472
0.1280930052109232
0.08401817603523588
0.07923846453724598
0.2073835753200745
0.1506362453378229
0.14316102300918745
0.09810333496319469
0.11005466638281095
0.13008967433018948
0.11236091236986051
0.07042304518505592
0.08803402972725136
0.13783757413991474
0.08808957227103581
0.12101742063268003
0.10121220973087475
0.06066008123294027
0.05764509706006555
0.09764791150386869
0.10384182570057666
0.10188935836247931
0.08476770848078145
0.11750713418057951
0.08514888558155773
0.07182578168364918
0.04824173459267265
0.13401212959169326
0.09544241804079237
0.06452944190294313
0.08082307784405368
0.06631564513769593
0.08812142321998677
0.10919942988336763
0.12642528341596268
0.11321537432906387
0.08931880621027878
0.046933037276506766
0.08551727092047011
0.17009476058989426
0.1655997273575684
0.08755800198890608
0.18015715828038414
0.12453039463567124
0.12162768822269175
0.11155796379104933
0.17633458887311546
0.06576072399779646
0.08663494561386126
0.19845349442171442
0.057137278802904555
0.07560560910761441
0.10174132443816317
0.16111202296716245
0.15750608463051982
0.15163639510600743
0.09864705354927784
0.15803640635303137
0.08950788815061307
0.11344290340573272
0.13245121904500676
0.0965728024920364
0.1467981570167467
0.0821672202754681
0.1216693166431717
0.08797914609948004
0.1291781441700137
0.08845660552403635
0.11363101691610857
0.1055104197611482
0.06848927138542588
0.05271441551369869
0.10757926790922118
0.11963406826411797
0.05816628979201513
0.06628498104030521
0.0676624099036086
0.1312254466095262
0.1679886598669162
0.09933538154423745
0.11075865250313655
0.07494271915956316
0.0743205717775378
0.09597519621919756
0.12706860091367905
0.08815574336966331
0.11903490518770096
0.04913044507901015
0.14449022730431435
0.06097166815677404
0.10130667783827944
0.0656465415562376
0.14681094987529583
0.11549223714973778
0.10424418852728029
0.10630799380702559
0.07575324614299461
0.11355535383865406
0.11138805214696648
0.15696022273252971
0.14315961617764764
0.09441026649967005
0.13878210397458382
0.07997196057642048
0.12495286930458281
0.061448109124533155
0.042123213316451504
0.06650538018386049
0.07381408709757538
0.04016919046460481
0.17179329169977625
0.09450833289884031
0.07649563749807632
0.0736059176534499
0.035058534469995226
0.08202424823221835
0.061133126114410435
0.07014834316479127
0.12953369624235414
0.08085339555030012
0.09907073339987123
0.07976406332719224
0.049299405686641956
0.07475555393135767
0.08221767873725515
0.10370306026677346
0.08009489828890021
0.0684470093798485
0.0793261878054843
0.09298634131185034
0.0817286419597539
0.07611707658030685
0.12381067118522796
0.09930619412757964
0.09181891030113382
0.09789680937220427
0.08027146683889441
0.0583547944472891
0.11736529370484111
0.08447261447277428
0.11248865466173315
0.10275043728390963
0.06841051650222983
0.07430776370297694
0.2189985517814586
0.09814172701656142
0.08107890361994081
0.09136995668946342
0.20167785751718012
0.10859377928797832
0.11541106941876933
0.11819809084673497
0.11144394518553534
0.0452864840970671
0.03911280303145759
0.15815000880022786
0.08188862050618892
0.1469489190706306
0.09199376841372048
0.12010591855240901
0.13881231015759773
0.13322854673341764
0.08321501897245814
0.11379445311666297
0.12450450658798218
0.09618824937338517
0.060786902491765264
0.20078708833633838
0.1338944937769239
0.12443709992591968
0.06821214049969884
0.05718831461854279
0.10272663847850212
0.0818736503874375
0.09339885975615206
0.08247994129355489
0.0871515602180311
0.13685411479408768
0.06982785083131272
0.08088570461470888
0.08564821753878443
0.11187850874160755
0.10492215764348987
0.0900101274812848
0.051462293427903205
0.0791721719923027
0.035210404806341765
0.08013821913019373
0.0662894282167227
0.07392434992520562
0.0869045540973523
0.0948234533822291
0.1018373750266619
0.11684860592305829
0.08256895321326076
0.09247922198053195
0.12325092348989776
0.1176687243807299
0.0934212175806434
0.08865667682733726
0.08608823545298284
0.05769730335239067
0.10012106715690937
0.17625526335640726
0.14008661615662277
0.17018627355256202
0.11142703548962758
0.1668653851639564
0.1611615045377138
0.07522219750733877
0.10655058685965328
0.11425979661395434
0.07557824981631711
0.12477769298394295
0.1113734378198966
0.13960473012941127
0.14844318533273923
0.09491981298197061
0.10217327676946297
0.03530747859357772
0.10282139889948833
0.03251395012590696
0.06679920952327931
0.0860907607143004
0.10484412244245918
0.10962419688902711
0.15062224271241575
0.10168079703263092
0.10522735037375242
0.058060889269902625
0.08348140299097974
0.12765043686588548
0.09204317864813757
0.09690973029831763
0.0763397514899473
0.12979494063818658
0.10501476884449155
0.08617409452033992
0.11334971605736593
0.07858270877146754
0.1308186870777387
0.06901732746998525
0.06138713775858791
0.08391469124365937
0.09330976511277682
0.11556050626942041
0.08652843679407272
0.07019126683007926
0.0574288580656602
0.07271775455923159
0.050497177174706434
0.059944625941253354
0.1397978632806123
0.07055364996300671
0.09313290225426582
0.09027580277920193
0.05876530321653594
0.12495131762592461
0.10239787017185749
0.0900007348999762
0.07493247792643326
0.09350910856235052
0.09603199611195702
0.07315641359706536
0.10595300560023381
0.05653776615773412
0.07727232555176174
0.16078244614817033
0.09050145551075482
0.08585895414845171
0.03835546546377538
0.08609029729268514
0.10682505479780957
0.11402076733330349
0.119868242229462
0.09832926063311541
0.0416103598095519
0.0765616094444836
0.08307619997437789
0.07473956639560955
0.07059683753786059
0.12157042156534524
0.12757281355813824
0.07122455608755858
0.06477778197387868
0.11249354570331475
0.14429229773073035
0.09678994624780236
0.07424979033319025
0.09755336306460033
0.21712649447462437
0.06803027502345768
0.0972287779970264
0.15885730598397044
0.15674234670586884
0.08462220856612972
0.08400910987455229
0.07456726410733112
0.12054623223693026
0.10619516183347018
0.1369207422989844
0.1021037855296692
0.10821371083676984
0.11631868130379272
0.1030036687866827
0.09960008168127388
0.06528605496648444
0.03476951227375222
0.09502581392139704
0.0751901247528043
0.06737380984784315
0.05610522226726806
0.06974880395467732
0.07382053732660344
0.09168169286038558
0.13221830283609134
0.09282625261270865
0.055602971945931626
0.05254353028563359
0.1251640715583397
0.09147863342712464
0.08064030654283917
0.057928215924634555
0.06385937934894835
0.03672794941071929
0.04008733773397663
0.0940520180791447
0.10677025419003754
0.04572179688098417
0.10565632928575558
0.08293155904076147
0.07853559537960048
0.07847319795109797
0.08310792948362757
0.046849759319394994
0.16991472541121766
0.07445649129592559
0.05788873104161625
0.09729362274943427
0.16354220897086302
0.07690461115932769
0.1636634097667411
0.05583022542784668
0.08378220112618609
0.05830699640765405
0.02446591770223511
0.0770073559383904
0.1011528702934315
0.09828560674478384
0.07430175366541582
0.06282054387239358
0.10472146939983676
0.11254967099574226
0.06144417742590039
0.1226852949978572
0.08234940127427266
0.14843702875606885
0.10993170136564666
0.11742408981081098
0.044069987824927506
0.05131844710558653
0.1215266343047419
0.1535288257767785
0.05476459036369554
0.1718234223080799
0.07288188388867473
0.04861303397179158
0.06815732673434964
0.10560794725262729
0.132722850761969
0.10187838589560917
0.1037209917452525
0.07900038222380151
0.07664631126284473
0.11536835425067693
0.0947145921553866
0.07590692607019181
0.1716830723453313
0.11931621941039339
0.08091579513910058
0.07012228458453054
0.0758571650182024
0.07764481398308734
0.03127751631175422
0.033232760412581476
0.057854305085956265
0.050043151693402746
0.08182637640195688
0.09011766073341608
0.10066076852804558
0.06654724705202336
0.09171959425492043
0.05322501455983994
0.06515668781834062
0.10408863879274577
0.07071995383012109
0.0797237018943468
0.04931659658772829
0.1441432233788708
0.04982188687030099
0.10507964640485377
0.06291582387215881
0.05054872886367692
0.06855829257983714
0.04728526564510751
0.10558364418102428
0.16673108788778668
0.1537037718490782
0.06789059070764449
0.09294111171567981
0.07368763319788162
0.07772562784851868
0.07108488465680486
0.07813766797136684
0.08217535409097433
0.13146166982319715
0.08254607124201191
0.051699871128552004
