[[-0.05128532  0.95287462  2.08577541]
 [-0.13634562  0.9431292   2.15769708]
 [ 0.99886339  2.12326061 -0.12280666]
 [ 0.96202984 -0.09858724  2.11807516]
 [ 1.04413988  2.09026627 -0.1146099 ]
 [-0.07483577  1.03093972  2.05255752]
 [ 0.97625321 -0.14681458  2.15449063]
 [-0.16675132  0.89000782  2.19965251]
 [ 1.05960809  2.04913678 -0.09363957]
 [ 1.03006961  2.08475995 -0.10187419]
 [ 0.97949356  2.18317243 -0.17860324]
 [-0.12665575  2.12957758  0.99246507]
 [ 2.10329676  1.10384265 -0.15803652]
 [-0.15601429  0.90057921  2.18871294]
 [-0.16010323  2.15107605  1.02900451]]