14.147633171081543
4.1690144538879395
3.2089656352996827
2.8769062042236326
2.47050518989563
2.500687265396118
2.153327298164368
2.4258154392242433
2.4131144523620605
2.2949790954589844
2.2825550079345702
2.31085524559021
2.199625778198242
2.0193111896514893
2.1298895359039305
2.0076187372207643
2.188422203063965
2.06673948764801
2.1898409843444826
2.0085633039474486
2.0830191135406495
2.1660955905914308
2.055608367919922
1.8730834484100343
1.9329166412353516
1.9517188549041748
2.0736764669418335
1.9567534923553467
1.9019978284835815
1.908731460571289
1.9730523109436036
1.9081946849822997
1.88712420463562
1.7438570976257324
1.9003885507583618
1.8733094215393067
1.6198629140853882
1.7651324272155762
1.7525206327438354
1.6233587980270385
1.5799742698669434
1.507473850250244
1.6667687892913818
1.5535088539123536
1.751987838745117
1.546751117706299
1.550880789756775
1.5764345169067382
1.579664945602417
1.5210658311843872
1.4761130094528199
1.480535912513733
1.4246312856674195
1.3887230157852173
1.368044638633728
1.4078948259353639
1.3925395488739014
1.4053481578826905
1.5533706188201903
1.1714773654937745
1.340556764602661
1.2711136937141418
1.1566945552825927
1.1263987302780152
1.124704110622406
1.0714977025985717
1.1251379370689392
1.129720115661621
1.0267370700836183
0.8900245070457459
1.0361460447311401
1.0619371294975282
1.4363155961036682
1.029364252090454
1.0209009766578674
1.0358893990516662
0.8923189401626587
0.9510699033737182
0.7460295796394348
0.811880624294281
1.4670766115188598
1.0057928800582885
0.9633416652679443
0.901192843914032
0.8909538149833679
0.9762778043746948
0.7837552070617676
0.750626289844513
1.224313598871231
1.024216902256012
0.9270076513290405
0.9069742441177369
0.7349724411964417
0.8192802309989929
0.8704778909683227
1.1266829252243042
0.8314162254333496
0.8939975142478943
0.8895911455154419
0.7124094367027283
0.7816436171531678
0.7902436137199402
1.057328200340271
0.9151588797569274
0.8377685427665711
0.8152667164802552
0.7020735800266266
0.7768032789230347
0.7645800828933715
0.6574545264244079
0.8403571963310241
0.8450281381607055
0.8360876321792603
0.8384837746620178
0.7052903413772583
0.6842256307601928
0.6395471394062042
0.6893661558628082
0.6317007601261139
0.7708038270473481
1.0763835191726685
0.7179607331752778
0.6868594527244568
0.8311641216278076
0.9037078022956848
0.6836347341537475
0.5726692318916321
0.8995832920074462
0.655559754371643
0.6553750872612
0.5052278697490692
1.0940345168113708
0.7531800389289856
0.5416425347328186
0.5882398784160614
0.4957571864128113
0.6505932331085205
0.43815094232559204
0.5053212702274322
0.5689473807811737
0.5720132529735565
0.4697164535522461
0.4580507159233093
0.4709219455718994
0.5701623439788819
0.5472144156694412
0.5143950045108795
0.6664178371429443
0.5019013583660126
0.4972830951213837
0.5079861879348755
0.7216937422752381
0.716087257862091
0.6292723596096039
0.49943987727165223
0.7392745852470398
0.7755633652210235
0.4849666178226471
0.6383847296237946
0.5327243328094482
0.5917172968387604
0.45813039541244505
0.441119396686554
0.5896068513393402
0.8015119731426239
0.8912638068199158
0.7521944761276245
0.6561029434204102
0.5859743833541871
0.6828406155109406
0.5966331541538239
0.5600441694259644
0.5398500204086304
0.5654000520706177
0.4989522933959961
0.46342149972915647
0.41471132040023806
0.5067403346300126
0.5517184972763062
0.4589940011501312
0.495621657371521
0.9158608496189118
0.6016984701156616
0.4301876723766327
0.3949615299701691
0.7171355843544006
0.6251155614852906
0.6016107797622681
0.6668227255344391
0.4060956180095673
0.5616610229015351
0.5291787385940552
0.43553314208984373
0.46498343646526336
0.4161470979452133
0.4834105551242828
0.3986729681491852
0.4100419819355011
0.5174397051334381
0.6440092414617539
0.5389197707176209
0.5278392672538758
0.4414713203907013
0.4036357462406158
0.40325391888618467
0.39521596729755404
0.4356242924928665
0.41842647194862365
0.35202389359474184
0.5191826522350311
0.3387333333492279
0.4412197470664978
0.3893218994140625
0.41504487991333006
0.340188729763031
0.5494774341583252
0.34412968456745147
0.34390229284763335
0.5670735001564026
0.3715317100286484
0.44902784526348116
0.6376875162124633
0.504490676522255
0.29572696089744566
0.2959319829940796
0.5703342914581299
0.5561828851699829
0.38236194252967837
0.3606430619955063
0.4110085517168045
0.38819955587387084
0.7119120359420776
0.5337805211544037
0.5971443057060242
0.6703725695610047
0.3764470785856247
0.5224960386753082
0.42559646964073183
0.5251962065696716
0.3445916652679443
0.4113870352506638
0.5302252382040024
0.4394839495420456
0.44013453722000123
0.34611415565013887
0.8885259687900543
0.32387279272079467
0.9231081783771515
0.38238948583602905
0.47022347450256347
0.6350576877593994
0.3883615642786026
0.5349254935979844
0.41402735710144045
0.35250956416130064
0.3439294099807739
0.34020000100135805
0.496160164475441
0.3476497232913971
0.36172991096973417
0.5606501400470734
0.3142715871334076
0.4308871865272522
0.3925401926040649
0.8497702717781067
0.29392714500427247
0.43698638677597046
0.5057104378938675
0.4222183883190155
0.6387063562870026
0.4314059615135193
0.5354519546031952
0.429111510515213
0.3417276442050934
0.6214587718248368
0.4559043675661087
0.4607628554105759
0.4569278061389923
0.4177399963140488
0.4012072324752808
0.36469217836856843
0.7084931522607804
0.5910334289073944
0.5738766133785248
0.4333937466144562
0.5239881604909897
0.3984502911567688
0.3763438642024994
0.34766935706138613
0.4564026892185211
0.32313801646232604
0.35251388549804685
0.373381233215332
0.6493376851081848
0.33450997471809385
0.35265810787677765
0.5666405767202377
0.3313846170902252
0.3640087455511093
0.3296434640884399
0.4284009009599686
0.3037244945764542
0.5230285823345184
0.20758724212646484
0.40329108834266664
0.2545601189136505
0.5117306917905807
0.4382505536079407
0.39462884366512296
0.4030212163925171
0.2789804846048355
0.3409110873937607
0.3311328053474426
0.3090128540992737
0.7697007387876511
0.44422837495803835
0.3234172254800797
0.3247818320989609
0.29397902488708494
0.28722015023231506
0.21574051529169083
0.2694095969200134
0.6758503973484039
0.2755374014377594
0.3723723441362381
0.31051614582538606
0.3956885486841202
0.5075151443481445
0.5273161828517914
0.2948181688785553
0.4101666837930679
0.35634327828884127
0.33680890798568724
0.48102620542049407
0.3447792321443558
0.2766039967536926
0.3155136615037918
0.31701807379722596
0.2894446849822998
0.4558675080537796
0.21302008330821992
0.34024861007928847
0.4773905545473099
0.5577040255069733
0.41654978692531586
0.4396573483943939
0.34388360679149627
0.7094644963741302
0.3398650288581848
0.340890371799469
0.5445896685123444
0.40011754631996155
0.3253025412559509
0.2372112512588501
0.2750303477048874
0.3056738808751106
0.6573631972074508
0.23860211968421935
0.2736036628484726
0.2618631422519684
0.36801108717918396
0.3708347171545029
0.19923053979873656
0.2217592030763626
0.42887031137943266
0.21096401512622834
0.5072220742702485
0.3875367760658264
0.4750151664018631
0.31310372054576874
0.6698500841856003
0.47664947211742403
0.35739588737487793
0.26083297431468966
0.2941149413585663
0.26104703545570374
0.27549889087677004
0.22451746165752412
0.36561371088027955
0.23438488245010375
0.33687985241413115
0.2523202508687973
0.4205860123038292
0.20768277049064637
0.2367550775408745
0.4779625594615936
0.24530860781669617
0.1741384193301201
0.17876618206501008
0.3898295611143112
0.2740164756774902
0.2891208156943321
0.24624439030885698
0.27590050250291825
0.21775132417678833
0.23405675292015077
0.35951629281044006
0.17841382026672364
0.203295736014843
0.14354121685028076
0.17392171174287796
0.21619531959295274
0.460490944981575
0.7633142739534378
0.5586440056562424
0.38795346617698667
0.3015862226486206
0.3464795023202896
0.3538210928440094
0.248708575963974
0.41528339982032775
0.3223091661930084
0.21305363178253173
0.49389238059520724
0.3345252424478531
0.31667247116565705
0.337860307097435
0.20563671886920928
0.2564834266901016
0.6285384446382523
0.17001504451036453
0.24703044593334197
0.48348398208618165
0.2677516996860504
0.35296693742275237
0.3580378592014313
0.510357990860939
0.33904732167720797
0.23948792815208436
0.48012661933898926
0.34112258851528166
0.2162293016910553
0.2424476385116577
0.4699408322572708
0.3033440992236137
0.25786554217338564
0.23487894833087922
0.31368973553180696
0.26959088146686555
0.1787805289030075
0.2382880598306656
0.21209006011486053
0.17996059656143187
0.250168614089489
0.28181569576263427
0.35041609555482867
0.33277231454849243
0.48384636342525483
0.41822109520435335
0.29052901566028594
0.2400887906551361
0.4288722574710846
0.268616309762001
0.21585379242897035
0.5050104171037674
0.38665951788425446
0.2963380217552185
0.16458454430103303
0.2908854126930237
0.4876979798078537
0.3952223300933838
0.229842346906662
0.2184903010725975
0.2535842299461365
0.20270900428295135
0.49306763857603075
0.21176747530698775
0.2730590969324112
0.44720673114061354
0.20164762437343597
0.25855693519115447
0.24643696546554567
0.4276867523789406
0.2679964259266853
0.2852766215801239
0.19813305288553237
0.5183846041560173
0.23350210338830948
0.2290334150195122
0.3048951894044876
0.48166810870170595
0.3266266644001007
0.5155474841594696
0.32142058908939364
0.3080578804016113
0.22240538597106935
0.5151446729898452
0.2507447123527527
0.23382931649684907
0.2136903464794159
0.2736334681510925
0.2392224594950676
0.15287068337202073
0.26167609691619875
0.23642811328172683
0.2142214447259903
0.17374346852302552
0.18063479661941528
0.7253676176071167
0.24123404324054717
0.273033544421196
0.22375738322734834
0.15106362700462342
0.2516674198210239
0.11531225144863129
0.16918981671333314
0.3430026277899742
0.2643374532461166
0.23987227976322173
0.6040233492851257
0.15151697695255278
0.28814262747764585
0.39572992324829104
0.23839835822582245
0.31002764105796815
0.17846134752035142
0.33914488554000854
0.29976671040058134
0.15591791570186614
0.46786154210567477
0.3839846640825272
0.4803275838494301
0.4265549570322037
0.22114506363868713
0.26497902274131774
0.18748653531074524
0.18927017897367476
0.6696441352367402
0.18045271039009095
0.5028330236673355
0.30443820357322693
0.3385492771863937
0.23739043474197388
0.24116454422473907
0.3933546245098114
0.18449342250823975
0.1897038996219635
0.35016443878412246
0.20022970736026763
0.37198486030101774
0.16515807211399078
0.21298828423023225
0.3514783442020416
0.2595542699098587
0.14376626908779144
0.22890500128269195
0.12311196178197861
0.19874799847602845
0.10997073948383332
0.20425373464822769
0.3183228775858879
0.1600935250520706
0.265183699131012
0.3347052842378616
0.2990346536040306
0.3245838224887848
0.28628461360931395
0.16936254501342773
0.36795401722192767
0.20676840245723724
0.22080446034669876
0.1507111296057701
0.2658957079052925
0.3911951035261154
0.17505538016557692
0.1452929735183716
0.4960929811000824
0.32592543959617615
0.18575095385313034
0.19108591377735137
0.2748163163661957
0.18116509467363356
0.15202505886554718
0.35723961144685745
0.16279234886169433
0.21150335520505906
0.49744255244731905
0.22042766213417053
0.2249269962310791
0.19331383109092712
0.20827045515179635
0.29498929977416993
0.22591511458158492
0.1847086653113365
0.19179366827011107
0.35488713532686234
0.3543098047375679
0.37139552682638166
0.573462837934494
0.17616887837648393
0.34707728326320647
0.1797652930021286
0.1600053459405899
0.2139018341898918
0.33976560831069946
0.32099075317382814
0.2598746672272682
0.1432129591703415
0.23613054156303406
0.2987461984157562
0.16886467188596727
0.21420902162790298
0.1345381811261177
0.21607849150896072
0.16401313990354538
0.11907383501529693
0.12330159693956375
0.13611010760068892
0.16854815632104875
0.15530326068401337
0.3880241885781288
0.20064832419157028
0.18795834332704545
0.277277809381485
0.16290102303028106
0.37582785710692407
0.20975487530231476
0.6797295659780502
0.18925611674785614
0.17348381876945496
0.1583668440580368
0.2196066200733185
0.2449542760848999
0.40289212465286256
0.13588189333677292
0.16792045384645463
0.1360831782221794
0.1817376658320427
0.3932087704539299
0.1276346266269684
0.1455492600798607
0.15302405506372452
0.1562219575047493
0.1766250476241112
0.2182271495461464
0.3631863608956337
0.8799958184361458
0.3443927109241486
0.19514229744672776
0.31629436910152436
0.7398747354745865
0.4351633325219154
0.43791021406650543
0.4581393897533417
0.3191834896802902
0.29973980188369753
0.3450697511434555
0.21002841889858245
0.19398847371339797
0.30616996586322787
0.18774419724941255
0.1835335075855255
0.24089920222759248
0.17551302015781403
0.6200858652591705
0.3786508411169052
0.6750802606344223
0.2927222609519958
0.27809850573539735
0.36347395926713943
0.23675251603126526
0.25577239841222765
0.26879861056804655
0.1772944897413254
0.15616581439971924
0.16035497337579727
0.26951595693826674
0.15132953226566315
0.2217569023370743
0.19397790729999542
0.18548708260059357
0.1301470547914505
0.3410668455064297
0.14382484555244446
0.16292308196425437
0.24216721951961517
0.131590985506773
0.13194464296102523
0.16211042627692224
0.238065005838871
0.16218884363770486
0.2798388980329037
0.1330640770494938
0.12575003057718276
0.2088574454188347
0.13274475038051606
0.14033788144588472
0.08907217681407928
0.2919738799333572
0.10888912975788116
0.15900798588991166
0.11224923580884934
0.32885528802871705
0.307304160296917
0.11825205534696578
0.3571133852005005
0.252954488992691
0.16273707151412964
0.25327163338661196
0.17928000837564467
0.2200671464204788
0.25274845510721206
0.0910235434770584
0.176906618475914
0.2044478699564934
0.11131319552659988
0.44967631697654725
0.11147295236587525
0.12826622575521468
0.15430960506200792
0.4830554693937302
0.11545158177614212
0.22725748121738434
0.12624852061271669
0.33001205921173093
0.16161224097013474
0.2841732695698738
0.15473556369543076
0.3162025660276413
0.42416706681251526
0.12995346188545226
0.13358649909496306
0.19703661575913428
0.2432935394346714
0.16145594269037247
0.18456240743398666
0.5633392453193664
0.25758006721735
0.14382148832082747
0.4164243400096893
0.157741042971611
0.30510301887989044
0.18315546959638596
0.34960190057754514
0.46274903416633606
0.23629334270954133
0.1363987535238266
0.2939975619316101
0.2149464026093483
0.24116964042186737
0.19590528458356857
0.5206243932247162
0.25076165944337847
0.2060310497879982
0.2306099534034729
0.4550945609807968
0.24304724037647246
0.28516084551811216
0.3077576354146004
0.622806902229786
0.3091017872095108
0.2982823312282562
0.23471109569072723
0.2309216871857643
0.13846345245838165
0.12734192311763765
0.1364862084388733
0.16920130997896193
0.16941167563199996
0.24277779683470727
0.1466397762298584
0.12044164091348648
0.19757928997278212
0.1216774269938469
0.13535668700933456
0.17095261961221694
0.38931007832288744
0.15661247670650483
0.14438457190990447
0.23468959778547288
0.14490102529525756
0.14363064169883727
0.7481320068240166
0.24909716546535493
0.1625076413154602
0.14672052413225173
0.20086401998996734
0.19711463451385497
0.17407578602433205
0.20661426037549974
0.21827103346586227
0.12935076430439948
0.16296762973070145
0.2734197199344635
0.3168353699147701
0.1349258080124855
0.18423436284065248
0.16191029623150827
0.24088302701711656
0.3606459230184555
0.24515278339385987
0.24508424401283263
0.26306380778551103
0.10236450731754303
0.1708330273628235
0.13761049509048462
0.10049971342086791
0.11866787821054459
0.1943048819899559
0.21937627717852592
0.1621675193309784
0.21345316171646117
0.12844212725758553
0.16685414612293242
0.22769614160060883
0.21489769369363784
0.48095404654741286
0.20897296741604804
0.1208167053759098
0.24050315394997596
0.1443630039691925
0.17063457071781157
0.3750086769461632
0.11534340307116508
0.18848953247070313
0.25041203051805494
0.13240305930376053
0.29719642400741575
0.1814452201128006
0.10046334564685822
0.11269464194774628
0.21089132726192475
0.08567091077566147
0.2530388668179512
0.0842909760773182
0.2497893266379833
0.19639075100421904
0.23959822356700897
0.30877657383680346
0.09510645717382431
0.1620965451002121
0.3738212764263153
0.6791828989982605
0.23109398335218428
0.2880683302879333
0.1412189021706581
0.14657388925552367
0.3034296065568924
0.3661715373396873
0.16671103239059448
0.17329651713371277
0.1876161016523838
0.21340329051017762
0.25275550186634066
0.20366056710481645
0.1004078783094883
0.28686835914850234
0.12684003189206122
0.14154380112886428
0.15054984837770463
0.07691512852907181
0.14985806494951248
0.3766429603099823
0.18405955284833908
0.45802475661039355
0.15401891618967056
0.21025308668613435
0.12138118296861648
0.47745325416326523
0.16756148636341095
0.14667673856019975
0.11872301101684571
0.2487380661070347
0.16629245653748512
0.14240993782877923
0.17198925763368605
0.15195679366588594
0.14735568761825563
0.1440907597541809
0.3444786980748177
0.1315147891640663
0.2366711229085922
0.14012991338968278
0.12461280077695847
0.14224173948168756
0.11174627467989921
0.14180045425891877
0.1093320831656456
0.26497337147593497
0.1494439162313938
0.11952933371067047
0.44700376838445666
0.13830619752407075
0.1470516100525856
0.07594128549098969
0.13631549701094628
0.1694001078605652
0.4265496268868446
0.14286258369684218
0.24517509937286378
0.2473530188202858
0.21388272047042847
0.15707202330231668
0.2264214925467968
0.20825858265161515
0.12256138026714325
0.21234149634838104
0.2117234505712986
0.15584222376346588
0.42808161228895186
0.18908481895923615
0.09020681008696556
0.25595925450325013
0.17868957072496414
0.15562274754047395
0.1678472176194191
0.12303968295454978
0.26040054112672806
0.1134460374712944
0.19264040291309356
0.17951466888189316
0.058851481229066846
0.2662020124495029
0.10321503914892674
0.1420235473662615
0.10403671637177467
0.3291132628917694
0.1834995687007904
0.19665899872779846
0.19162212014198304
0.2847047563642263
0.25115536004304884
0.3525732159614563
0.20122204422950746
0.09048935025930405
0.15835373997688293
0.12804700583219528
0.34696792960166933
0.1520821765065193
0.2717514902353287
0.1181093379855156
0.14241376370191575
0.15790722221136094
0.5485892578959465
0.20770604610443116
0.10968714058399201
0.21021070331335068
0.16648317873477936
0.10135344490408897
0.2411742962896824
0.2281451128423214
0.15991447269916534
0.2892668150365353
0.16813216581940651
0.12492388486862183
0.21820239797234536
0.087318055331707
0.13977056592702866
0.11569906249642373
0.13755832612514496
0.13736558854579925
0.15971143171191216
0.17112197503447532
0.14828135147690774
0.13169603794813156
0.08402682654559612
0.11028025187551975
0.0784094713628292
0.06591469906270504
0.07653106562793255
0.1016508910804987
0.9329130530357361
0.09978390410542488
0.23522133827209474
0.12025097161531448
0.17009851932525635
0.09072115570306778
0.11015574038028716
0.14325932338833808
0.7031497344374656
0.18688868433237077
0.17547434270381929
0.20786419212818147
0.39662354439496994
0.2959509834647179
0.1333308055996895
0.20070047676563263
0.14502596184611322
0.46619800925254823
0.23320075273513793
0.14700915664434433
0.19575459659099578
0.2706862539052963
0.2516562946140766
0.3844442114233971
0.13653176873922349
0.28199476599693296
0.11547508388757706
0.1104053407907486
0.11584389582276344
0.17803074270486832
0.27944627180695536
0.15213598906993867
0.1845029965043068
0.13428623005747795
0.23863396793603897
0.12446006685495377
0.08126016035676002
0.09376861676573753
0.1419457256793976
