8.793198323249817
3.1214442372322084
2.439222180843353
2.234194540977478
1.9910731434822082
2.0053528547286987
1.8319678544998168
1.9733485102653503
1.9667332768440247
1.928530216217041
1.9202633261680604
1.9338344216346741
1.8675079584121703
1.7543455123901368
1.8164694786071778
1.7658232569694519
1.8478384613990784
1.7989537358283996
1.8649346947669982
1.7558825731277465
1.7945516586303711
1.810750997066498
1.7509606719017028
1.6558086037635804
1.6923505544662476
1.6788202762603759
1.7193306684494019
1.678596603870392
1.6335197329521178
1.6186981558799745
1.6502280712127686
1.5861215949058534
1.5527207851409912
1.4660710573196412
1.5437965393066406
1.5157561719417572
1.3469320058822631
1.4112604975700378
1.3669294714927673
1.2567661583423615
1.2486347556114197
1.1427464485168457
1.3226900756359101
1.2431863963603973
1.3171217322349549
1.1833380520343781
1.1630384266376494
1.153070318698883
1.153168147802353
1.1136863231658936
1.0346743524074555
1.0363396227359771
1.0036157935857772
0.9706274151802063
0.953375768661499
0.9792642682790756
0.9611991494894028
1.0106275111436844
1.0571739673614502
0.8472920835018158
0.9440534681081771
0.8737978428602219
0.7954777270555496
0.7445384562015533
0.7183705881237984
0.6732199892401696
0.7099964022636414
0.7094349384307861
0.6639879897236824
0.574833270907402
0.6399465948343277
0.6782681882381439
0.9365797907114028
0.6849841594696044
0.6678371861577034
0.6893682226538658
0.5672683946788311
0.5846379905939102
0.4754284396767616
0.4865072965621948
0.8579434767365456
0.6117111817002296
0.5870802387595176
0.5622004002332688
0.5484939940273762
0.5911616146564483
0.4880820013582706
0.43021471723914145
0.6967665091156959
0.6323040530085564
0.5719632714986801
0.549405860900879
0.45241964012384417
0.4853261820971966
0.5151348985731602
0.6583327129483223
0.5308963552117347
0.5597332835197448
0.5458764187991619
0.45031225234270095
0.47003310546278954
0.4743246383965015
0.6176382176578045
0.5458178266882896
0.49675811976194384
0.4926818713545799
0.43054827153682707
0.47308133766055105
0.46979864686727524
0.40036003664135933
0.5044984467327595
0.4953174665570259
0.5048994779586792
0.5372969150543213
0.44736909568309785
0.40322539061307905
0.39489967972040174
0.4091565109789371
0.3807271230965853
0.4609347298741341
0.5993267260491848
0.43003074452281
0.40705469325184823
0.48141465038061143
0.5418944418430328
0.4276182271540165
0.33596947938203814
0.5148427806794643
0.4073326840996742
0.40399656593799593
0.32584012523293493
0.6197165496647358
0.44479677379131316
0.33560413792729377
0.3603663321584463
0.2959209389984608
0.3832676574587822
0.2631299704313278
0.29274211917072535
0.33923703283071516
0.33998096697032454
0.2870554991066456
0.2853614423424006
0.2771434273570776
0.3213737478479743
0.31315879710018635
0.30167934373021127
0.380742572247982
0.29607940316200254
0.3073952738195658
0.30082199797034265
0.4026652857661247
0.4139427039772272
0.3681413199752569
0.3048711322247982
0.4340191841125488
0.4599396325647831
0.31009281650185583
0.37140395045280455
0.3420682564377785
0.34304895289242265
0.2780133970081806
0.26675294563174246
0.3344000570476055
0.441443732380867
0.5051638543605804
0.44477830864489076
0.4031160600483418
0.3441885322332382
0.390393839776516
0.36671528592705727
0.3294755548238754
0.3449733018875122
0.33546222634613515
0.29029455631971357
0.290779984369874
0.25754283629357816
0.3139601543545723
0.3199314348399639
0.2859219707548618
0.2958435419946909
0.521142004057765
0.3454733319580555
0.2642873577773571
0.22717924006283283
0.39006303809583187
0.3840617507696152
0.3451729755848646
0.3710773032158613
0.23817310445010662
0.3117383237928152
0.3002254318445921
0.2472232783213258
0.27321812361478803
0.23590722009539605
0.2720682848244905
0.24220459759235383
0.23772607371211052
0.2792043363675475
0.35930995382368563
0.305512347817421
0.30331681706011293
0.27072807773947716
0.22824774365872144
0.23959711827337743
0.23039324060082436
0.24541238248348235
0.2563253562897444
0.21021557338535785
0.28458314668387175
0.19958539642393588
0.2503847174346447
0.2227688182145357
0.23088605366647244
0.20147763062268495
0.3025096461176872
0.19357258081436157
0.2049242416396737
0.3084137599915266
0.21753002293407916
0.24314303919672967
0.35540881641209127
0.2963103335350752
0.18859600834548473
0.1805897694081068
0.319269497692585
0.3156698178499937
0.22718969397246838
0.21478349044919015
0.23516558539122343
0.21616879440844058
0.3856264065951109
0.3060922879725695
0.3364395000040531
0.37000138089060786
0.23432230819016694
0.29519214779138564
0.26547636203467845
0.29528229795396327
0.21579765006899834
0.24068345949053765
0.29825399853289125
0.26384574342519046
0.26430975664407014
0.19628322310745716
0.4751273365691304
0.19141721539199352
0.4966838866472244
0.22125343196094036
0.2677641361951828
0.35566064696758987
0.23064658790826797
0.30039713755249975
0.25584438592195513
0.2117735631763935
0.22133934758603574
0.20102318655699492
0.27293417509645224
0.19719381649047135
0.2041619936004281
0.3156538099050522
0.18834877088665963
0.2487615454941988
0.2264523895457387
0.45744137149304154
0.18820949252694846
0.2556185148656368
0.2888876274228096
0.25638798363506793
0.3627390243113041
0.26473679970949887
0.30260458402335644
0.24297770913690328
0.20459625367075204
0.3307602321729064
0.2562728296965361
0.2619787069037557
0.2598122403025627
0.2474998377263546
0.2286570083349943
0.22041087076067925
0.3762990526854992
0.3286684649065137
0.3121604438871145
0.25819416120648386
0.2893555829301476
0.21728036999702455
0.23202274031937123
0.20944921914488077
0.2585255378857255
0.18968338705599308
0.2144932560622692
0.21648131180554628
0.36444055922329427
0.20054968427866698
0.21752140428870917
0.3227405885234475
0.204888373054564
0.21531581990420817
0.19207261092960834
0.24142333902418614
0.17947037871927024
0.28722657896578313
0.13291986137628556
0.2193432293832302
0.14266484659165143
0.27933302745223043
0.2391309728845954
0.23609991520643234
0.22881116457283496
0.16409548483788966
0.19611567817628384
0.20248692631721496
0.1789743959903717
0.41294846758246423
0.26229154225438833
0.20369337555021047
0.1865713706240058
0.1801700334995985
0.176222338527441
0.12742582680657505
0.16871582167223095
0.37588333878666164
0.1564562266692519
0.2191605057567358
0.17895584609359502
0.22391893453896045
0.27269590441137553
0.3072388362139463
0.189845672249794
0.23155024535954
0.20399556644260883
0.19397399965673684
0.2619500126689672
0.1955988367088139
0.15616502482444047
0.17984080091118812
0.17680829856544733
0.1631417811848223
0.24883039854466915
0.151029403321445
0.19475504141300917
0.2678800063207746
0.30281568244099616
0.23929217923432589
0.25225133914500475
0.20353742875158787
0.3872895596548915
0.2001500094309449
0.1880179500207305
0.29678115881979467
0.22956213317811489
0.18679426219314338
0.14434404438361526
0.1475411000661552
0.17117108600214123
0.3491133933886886
0.1425792623311281
0.16283933110535145
0.15776805616915227
0.21403381414711475
0.20787854138761758
0.125666306912899
0.12824425734579564
0.23034290159121157
0.12333310693502426
0.27490143962204455
0.23204195238649844
0.27216800712049005
0.18495000507682563
0.36273479759693145
0.2843722440302372
0.21862400323152542
0.1570984510704875
0.1915250953286886
0.15778959207236767
0.1700227614492178
0.13607428967952728
0.21076692901551725
0.14147101175040006
0.1968669818714261
0.14957211441360413
0.2338717382401228
0.13556730169802905
0.14435966992750765
0.26579371839761734
0.1476941470988095
0.10957921724766492
0.11576274428516627
0.21420325608924032
0.15650757700204848
0.1604387923143804
0.1366400002501905
0.1651980892755091
0.12991023142822086
0.1420956884510815
0.1968877650797367
0.11655284911394119
0.1310958942398429
0.08807797953486443
0.09992422459181398
0.1366892509162426
0.241401454154402
0.4181606531143188
0.3089822445064783
0.2542135700583458
0.181017492339015
0.2038533419370651
0.2007265519350767
0.14834779631346465
0.24887588545680045
0.19180195741355419
0.14297994039952755
0.2829287204891443
0.19082326609641315
0.18303706981241702
0.19747703298926353
0.13243514681234955
0.14744889754801987
0.3469798434525728
0.1057329747825861
0.14040401140227915
0.2652659799903631
0.15721264723688363
0.1975526669062674
0.21019082702696323
0.279676846973598
0.19548231065273286
0.13529791831970214
0.262259672768414
0.19711307529360056
0.1292928321287036
0.13715080879628658
0.24898782931268215
0.17336132898926734
0.15233129747211932
0.13419919852167367
0.1743117967620492
0.1537451811134815
0.10223224088549614
0.1365073653869331
0.12841555513441563
0.10199046805500984
0.1375773477368057
0.1561548733152449
0.2048213099129498
0.18183602103963495
0.2623031364753842
0.2268710526637733
0.180498431250453
0.14135518968105315
0.2349009637720883
0.15388552471995354
0.1209234424866736
0.2754097951576114
0.2096723821014166
0.16394320279359817
0.09984400719404221
0.16377998515963554
0.2583160102367401
0.217039814312011
0.14368345141410827
0.12084160866215825
0.1405455549247563
0.1238351724576205
0.26354181244969366
0.12303757509216666
0.15217190668918193
0.25329673308879136
0.1157379150390625
0.14534169025719165
0.14385614390484988
0.22826075442135335
0.15009819185361267
0.1687248340342194
0.11198447681963444
0.28609107322990895
0.14658479914069175
0.14665993321686982
0.17779430262744428
0.25930127082392573
0.18416043063625692
0.2723820153158158
0.1884153874590993
0.17679689805954696
0.12728281440213324
0.2753239804878831
0.1434684894979
0.12970874588936568
0.12208762057125569
0.15449652099050581
0.1467836121097207
0.1096192174591124
0.1595663484185934
0.13794629760086535
0.13091210862621666
0.1062997192144394
0.11054162057116627
0.3844675660133362
0.1419848119840026
0.16057667545974255
0.13181286081671714
0.09595803422853351
0.14049830595031382
0.07271138336509467
0.09474745891056954
0.1890146013814956
0.15727980956435203
0.14461518167518078
0.3231295790523291
0.09442047793418169
0.16303885634988546
0.22050390262156724
0.13838625513017178
0.17080877567641436
0.10015210565179586
0.18086432400159538
0.16509238919243216
0.10139081813395023
0.25633399952203034
0.20861468240618705
0.26071861386299133
0.24500287249684333
0.13143449006602168
0.1590368302538991
0.10954508110880852
0.11880821045488119
0.34910755436867474
0.10852288957685233
0.2686065580695868
0.16822591917589308
0.19388598408550023
0.1374517221003771
0.1337110223248601
0.22845600675791503
0.11002567391842603
0.11450327271595598
0.19311366463080049
0.11366221373900771
0.20908365142531693
0.10061248634010553
0.11821282645687461
0.19419739712029696
0.14571063071489335
0.09234182965010404
0.13772611524909734
0.08217267580330372
0.12174577871337533
0.07610336393117904
0.11092558144591749
0.17247424446977674
0.09652476310729981
0.1463783117942512
0.1895445242524147
0.17665723832324148
0.19110659984871745
0.16132022133097051
0.10641262102872133
0.197571927215904
0.11274750232696533
0.12930138539522887
0.08812082903459668
0.15639248108491302
0.20435352055355907
0.10376216555014253
0.09130892623215914
0.26272121369838713
0.1746840206440538
0.11400517076253891
0.10849728640168906
0.1458322409540415
0.10814850539900363
0.08670559800229967
0.1959614135324955
0.08915763017721474
0.136956431530416
0.2691359759774059
0.140813185274601
0.12883794400840998
0.11361414482817053
0.12867531878873706
0.15815351731143892
0.12646098537370562
0.11033485103398562
0.110491194576025
0.19322349298745395
0.195957316365093
0.20998848266899586
0.30916132368147375
0.1009012695401907
0.19139234395697713
0.11681965962052346
0.09078362230211497
0.12580623673275113
0.20418670307844877
0.17397969821467996
0.14654617635533213
0.09231291841715575
0.1382393215317279
0.1607911008875817
0.09881417136639356
0.12082690228708089
0.0845941168256104
0.13390675820410253
0.10166477262973786
0.07151776952669024
0.08054543375037611
0.0822397992014885
0.09363337501417845
0.09062526058405637
0.2067139592487365
0.1155765937641263
0.1091789545956999
0.14935368117876352
0.09272645718883724
0.1936021623434499
0.11805261657573282
0.3547331102192402
0.11031181858852505
0.10643144119530916
0.09545658100396395
0.12437024125829339
0.14142670249566436
0.21684264824725688
0.08290074793621897
0.0944474320858717
0.08982597878202796
0.10349827958270907
0.2064520562067628
0.07583173271268606
0.08577296920120717
0.08446863638237119
0.09004962602630258
0.10580498836934567
0.12152778753079474
0.19332903549075126
0.4690524947363883
0.20935968020930887
0.13715237714350223
0.18818045742809772
0.38937134826555847
0.2476371318101883
0.2450650915503502
0.24696611817926167
0.1815067848190665
0.16794166397303342
0.19301144480705262
0.1181157068349421
0.11860012803226709
0.1782727680169046
0.11084588412195444
0.11121552251279354
0.1314676776062697
0.09975445593008772
0.3337474141269922
0.21146292025223373
0.36845938209444284
0.17747333385050296
0.16851244661957027
0.20885509978979827
0.14681787677109243
0.14643534878268838
0.15553562827408313
0.11468395255506039
0.09506511092185974
0.09866626309230923
0.15056835841387511
0.10327580906450748
0.13523161010816692
0.11240619523450732
0.11636570682749152
0.08118876805528999
0.18542958088219166
0.08523887256160378
0.09771476350724698
0.13530256785452366
0.07986841183155775
0.0818085549166426
0.09617458223365247
0.13809518828056752
0.11148878931999207
0.16903124004602432
0.09975151401013135
0.09350253343582153
0.1362342456355691
0.08636233936995268
0.08974803639575839
0.057519583776593206
0.170044057443738
0.06339652488240972
0.10043074348941446
0.07808397551998496
0.18271321691572667
0.16888082036748528
0.07187795359641314
0.1866969011258334
0.15155222937464713
0.0949249348603189
0.13907596357166768
0.10434177294373512
0.1228425184264779
0.13878009859472512
0.05814932067878544
0.09973311228677631
0.11243554204702377
0.06380098380614072
0.24246550109237433
0.07225927473045886
0.08850444490090012
0.09508301261812449
0.2572312388569117
0.07049663756042719
0.13259670231491327
0.07242688005790114
0.17561401696875692
0.09143768772482871
0.16625832624267786
0.09222979173064232
0.1691260140389204
0.2315125907305628
0.08879456538707017
0.0840886676684022
0.11716265315189958
0.13751698276028038
0.09735482465475798
0.1069538458250463
0.29958341224119067
0.14219583636149763
0.08827411094680429
0.22318116584792733
0.098980915825814
0.17667178437113762
0.11302735228091479
0.19040594538673758
0.25924428580328823
0.14189249221235514
0.08162650614976882
0.16600230215117334
0.12324690385721623
0.14264861904084683
0.1189514652825892
0.27724312178324906
0.15168757857754828
0.11653243214823306
0.13018721491098403
0.24013525457121432
0.15121229086071253
0.15708201816305517
0.18280505575239658
0.343612315505743
0.1798938751220703
0.16521341404877604
0.13681130688637494
0.129530418664217
0.08068678118288516
0.07818605976644903
0.09110865765251219
0.1022690771264024
0.09738303520716726
0.13496334832161666
0.0870623072143644
0.07048407904803752
0.1099241909570992
0.07563053851481527
0.07708087731152773
0.09390827622264623
0.20669520692899823
0.09088783322367817
0.07874968377873301
0.13046255065128207
0.08897041287273169
0.08817557571455836
0.3879638041835278
0.15207842104136943
0.10058876760303974
0.09364850418642164
0.11941022258251906
0.11363559737801551
0.09538439658936113
0.12075259261764586
0.12304100403562188
0.08036258658394217
0.09618707224726677
0.15154285971075296
0.17413260494358837
0.08494948022998869
0.10529133696109057
0.09741525622084737
0.13294314607046545
0.2006319203414023
0.15474187675863504
0.14330196138471366
0.14177536433562637
0.06284777969121932
0.10003964421339333
0.08223982974886894
0.06520588221028448
0.07593948221765459
0.10779335189145059
0.1186608025804162
0.08674241914413869
0.11135683737229556
0.07410092973150313
0.10197973632020876
0.12922665420919657
0.11882282407023012
0.2512005439028144
0.11571200336329639
0.0750633042305708
0.137172435503453
0.08417591257020832
0.0976521922275424
0.19598380676470697
0.07152442680671811
0.10934962267056107
0.14463755041360854
0.08180027673952281
0.16736811455339193
0.10696031558327376
0.06589113231748342
0.07016512230038643
0.12025200666394084
0.052625946095213295
0.14173585606040434
0.049975378741510215
0.1393223821185529
0.10719745699316263
0.1315768681000918
0.1706137241795659
0.06480168970301747
0.10418368289247155
0.20089838737621904
0.356886758422479
0.14930417872965335
0.17299154512584208
0.08671282809227705
0.08728823298588395
0.16973070413805544
0.20470697274431587
0.09423776306211948
0.10150398770347238
0.10749357528984546
0.11849697604775429
0.13949886062182487
0.12085537295788526
0.06339999176561832
0.15986215276643634
0.0814706552773714
0.08879948987159877
0.08844909034669399
0.04814420309849084
0.10556956683285534
0.20550877507776022
0.1113048916682601
0.24139438536949456
0.09161438639275729
0.12171921310946346
0.07611675355583429
0.25981371141970155
0.1037256985437125
0.08861209196038544
0.07724714241921901
0.1480249857995659
0.10982296471484006
0.08806981190573424
0.11501141479238867
0.08607974832411855
0.09074838175438345
0.09074691627174616
0.18468036606209354
0.07612108723260462
0.13835110752843321
0.08130854347255081
0.07412832239642739
0.0822148610604927
0.07596008381806314
0.08448466351255775
0.06485906108282506
0.1408807585015893
0.09566186014562846
0.07409756872802972
0.23794001466594636
0.08690629415214061
0.09462791066616774
0.04618164936546236
0.07621595142409206
0.09152914360165595
0.23320709592662753
0.08199134096503258
0.13500479869544507
0.1357938615605235
0.12162432817276567
0.09453242011368275
0.12600014279596508
0.12091402057558298
0.07052042311988771
0.11336450257804245
0.12974053099751473
0.0887876556138508
0.22595953876152636
0.10299760974012315
0.06154792010784149
0.14698411035351455
0.09741331613622606
0.09067833665758371
0.10286382995545865
0.07506975540891289
0.14002729374915363
0.070232916995883
0.1134852733463049
0.10420846049673856
0.035450714151375
0.14928681571036578
0.06053428156301379
0.07840637131594122
0.06097236956702545
0.17551881819963455
0.09851583456620575
0.11090131048113108
0.10590221397578717
0.15789060443639755
0.13843887485563755
0.188644845969975
0.10782004622742533
0.05336027489975095
0.09311532955616712
0.08120840340852738
0.18778464589267968
0.08657740196213126
0.14914511386305093
0.067394381435588
0.08988684732466937
0.09104184203315527
0.29130597077310083
0.12271052077412606
0.07379691717214883
0.1314213041216135
0.09547909190878272
0.06398752112872899
0.1399282759986818
0.12283587791025638
0.08463573020417244
0.15177294434979557
0.0952363848220557
0.07857081503607333
0.12966273233760148
0.05424106381833553
0.07893450371921062
0.06929266103543341
0.07797215125756338
0.07522482853382825
0.09569431859999895
0.10135519504547119
0.08696030920837075
0.07424644858110696
0.0545359164942056
0.0635266948491335
0.043818739522248504
0.04156326148658991
0.04327981984242797
0.053925339109264316
0.4751434891950339
0.06418617288582026
0.12966856099665164
0.0782607676461339
0.09685743604786694
0.0678233416751027
0.06109146090457216
0.0792563526891172
0.37074712868779897
0.10916084265336394
0.1088729596696794
0.1192969539668411
0.20994115378707648
0.16353559270501136
0.08598104203119875
0.11706895432434976
0.08269282029941678
0.24778357315808536
0.1427220342680812
0.08750710040330886
0.11034060292877257
0.1433715364895761
0.14493568437173962
0.20585544719360768
0.07910709204152226
0.14974294628482313
0.06722941147163511
0.06646189084276558
0.06503041805699468
0.1087515469174832
0.148076130123809
0.08776066943537444
0.10668452852405608
0.08019468407146632
0.13438900844193996
0.07512937099672853
0.06056626038625836
0.05975642520934343
0.08346902919001878
