5.046694461037131
2.474999750361723
2.177588196361766
2.112462843165678
1.993762549232034
1.9808358585133272
1.8481342652264763
1.7837636330548454
1.8020809397977942
1.7370476582471062
1.6940380755592794
1.6790394712896908
1.647204413133509
1.5976276397705078
1.5323443272534538
1.574860229211695
1.5470084162319409
1.4620172556708841
1.410100495114046
1.4805651342167574
1.436151287134956
1.3612178564071655
1.374182196224437
1.3734059544170605
1.3434232403250301
1.4024452181423412
1.3674746962154614
1.3024008484447704
1.3472305396023918
1.2577716462752397
1.30838143825531
1.290039665558759
1.2957942766301773
1.2484793452655567
1.2881139937569113
1.2052302535842447
1.186295071068932
1.2032174152486466
1.1306095053167904
1.1672951473909265
1.1913222635493559
1.2692538079093485
1.164670137798085
1.1309432457475102
1.2052467570585363
1.1482877310584574
1.116950396229239
1.078334745238809
1.118610795806436
1.0843029723447912
1.1366114581332487
1.1223754637381609
1.1203927643158857
1.0393511688008028
1.0296901850139393
1.1025548051385319
1.02684065173654
0.984447601963492
1.0681913530125338
0.9348101475659538
0.995802574297961
1.0051345860256868
1.0551079897319569
1.0085002254037296
1.0347243547439575
0.9089502937653485
1.0167273633620317
1.0271324480281157
0.9894585504251368
0.9330812342026654
1.022448718547821
1.01429783596712
1.0119975279359257
0.9924765720086939
1.0475860553629257
1.1082527006373686
0.9721948504447937
0.9582706935265485
0.9084444396636066
0.9790769429767833
1.0645512482699226
0.9741661408368278
0.9384885430335999
0.9739185361301198
0.9294973366400775
0.8677400841432459
0.9729973112835604
0.9557502620360431
0.9549142928684459
0.8782544521724477
0.88537737902473
0.8467928837327396
0.9541483942200156
0.9832688780391917
0.9452542241881875
0.855037271976471
0.833901633234585
0.7840926892617169
0.8320301981533275
0.8002486123758203
0.8067357943338507
0.8590240198023179
0.8167287041159237
1.0483256823876326
0.9754142200245577
0.9449204416836009
0.8957716261639315
0.8553048898192013
0.819013237953186
0.7968819562126609
0.8492574902141795
0.8268516063690186
0.7567616350510541
0.7546944407855763
0.7517133214894463
0.8601357726489797
0.8614349750911489
0.8389020667356604
0.716634171850541
0.8360390628085417
0.8491099056075601
0.7239693122751573
0.8007257826188031
0.6783701251534855
0.7362246793859145
0.759438090464648
0.8098708040574017
0.7705910416210399
0.8067393162671257
0.7470454065238729
0.755021358237547
0.7575305998325348
0.7818498225773082
0.8389279246330261
0.7942123097531936
0.8326955823337331
0.7066954602213467
0.7232368255362791
0.754144970108481
0.8395913979586433
0.823620452600367
0.7323250788099626
0.7538462105919334
0.7815936102586634
0.8105584312887752
0.7514730551663567
0.7632170179310966
0.6865944196196163
0.6962831370970782
0.7339134374085594
0.8081555927501005
0.8168923644458547
0.8761366518104777
0.7231884563670439
0.7452720859471489
0.7849099863977993
0.7620498222463271
0.6934023429365719
0.7084592458079843
0.7467242356608895
0.7542355270946727
0.6767596795278437
0.7521646303289077
0.8015076044727775
0.7530984282493591
0.7244262800497168
0.7983263766064363
0.8493967792567085
0.6926281750202179
0.65333331507795
0.7057341635227203
0.631183056270375
0.7162071483976701
0.6225109766511356
0.6760002427241382
0.6449930141953861
0.6803292018525741
0.7000550662769991
0.8000765618155984
0.7860989184940562
0.6946147978305817
0.9314318316824296
0.7995364665985107
0.7009676835116219
0.7106090275680318
0.7413184923284194
0.673010016188902
0.7577574551105499
0.7054374971810509
0.7912533335825976
0.6979774517171523
0.6763662801069372
0.6252833745058846
0.7117299560238334
0.6872192130369299
0.6796770025702084
0.6912935481351965
0.689920080058715
0.6285498212365543
0.663867803180919
0.6032800201107474
0.6907737237565658
0.6232630329973557
0.5949097275733948
0.6374719563652488
0.6761374087894664
0.6458393177565407
0.6377367622712079
0.6562719818423776
0.6075260411290562
0.6119947328287012
0.5957700943245607
0.7271973280345693
0.7341412831755245
0.7067552734823788
0.6118404760080225
0.6645535318290486
0.6737695336341858
0.6369288984467002
0.6389597479034873
0.6205684016732609
0.598547546302571
0.5698506761999691
0.6886515687493717
0.5603999670814065
0.6336746864459094
0.6916988667319802
0.6171639772022471
0.7802142798900604
0.6906245228122262
0.6378031478208654
0.7447962988825405
0.7684552073478699
0.7543015900780173
0.8902015545788933
0.6674651345785927
0.6254684521871454
0.5919289957074558
0.5931517744765562
0.595576146069695
0.5452074391000411
0.666158511358149
0.5873032650526833
0.4638153630144456
0.5876708609216353
0.5966016755384558
0.6147946645231808
0.5842189709929859
0.6426785114933463
0.664617492872126
0.5766774030292735
0.5405170549364651
0.548236328012803
0.6642256081104279
0.7079458412002114
0.6622427754542407
0.5853665383423076
0.580126620390836
0.5677424686796525
0.5181012083502377
0.596915066242218
0.5967447477228501
0.5819822672535392
0.528100204818389
0.5305454187533435
0.53833928528954
0.536803654011558
0.5439708758802975
0.5564912224517149
0.4837212843053481
0.525949676247204
0.617631642257466
0.6018353297429926
0.5488749234115377
0.5881697009591496
0.6066716716570013
0.5322573202497819
0.5591482520103455
0.7037376568597906
0.6475241604973289
0.5361645975533653
0.5448362441623912
0.8140336310162264
0.6094222209032845
0.6210059067782234
0.5444998671026791
0.5998855899362003
0.6049970511127921
0.6014680231318754
0.5761227257111493
0.6139173192136428
0.6270694311927346
0.5781515854246476
0.5389753317131716
0.5052359647610608
0.5367198551402372
0.45633384234764995
0.501523387782714
0.6181647163980147
0.61372050818275
0.5714801777811611
0.6813657196129069
0.5538834876873914
0.6538727563970229
0.5776411715675803
0.5025426920722512
0.5072601735591888
0.5624080703539007
0.5983284396283767
0.5292927938349107
0.563656731563456
0.5202040532056023
0.5271578518783345
0.45617245751268726
0.5667926300974453
0.4772266465074876
0.534517121665618
0.5507563089623171
0.5461324944215662
0.5026076330858118
0.5819852860534892
0.529791351626901
0.5106316612047308
0.5477281493299148
0.5116132550379809
0.6431103453916662
0.6237963718526504
0.4609626514070174
0.5092290026300094
0.5167156580616447
0.47693848960539875
0.6133701836361605
0.460883914547808
0.5682252636727165
0.6152744293212891
0.5520832608727848
0.5941156306687523
0.5487465069574469
0.5363618415944716
0.5957220144131604
0.5526664660257452
0.4577548696714289
0.5164033805622774
0.5211310526903938
0.4745679112041698
0.4080488050685209
0.5200221065212699
0.4599536578444874
0.4626775015802944
0.5495780110359192
0.614919949980343
0.5962394037667442
0.5627643010195564
0.45974914291325736
0.5179181598565158
0.4024211922112633
0.5841157296124626
0.4875807201161104
0.5096037457971012
0.4686650353319505
0.4986877353752361
0.5617440886357251
0.6119155796135173
0.4572401011691374
0.534098744392395
0.4955449788009419
0.5029785799629548
0.5044666064136168
0.4762859353247811
0.5005635242251789
0.41148750396335826
0.4089781484183143
0.43312052505857807
0.4456361085176468
0.5243182918604683
0.5655832202995524
0.4743829614975873
0.42730644871206847
0.5683437699780745
0.5648032286587883
0.6111249310128829
0.5759624242782593
0.5661491138093612
0.5271694590063656
0.6700623806785134
0.5250988655230578
0.5201053970000323
0.6465188159662134
0.5484083715607139
0.5198720956549925
0.6250380803557003
0.5533706265337327
0.5472250142518211
0.5252284495269551
0.5255175338071936
0.5419523628319011
0.560945971047177
0.5805804028230555
0.5144984196214115
0.4890504233977374
0.6074464803232866
0.6135615320766673
0.48937490757773905
0.4852893001892987
0.5027578999014461
0.44726399200804096
0.5497671926722807
0.5660988267730264
0.4779012150624219
0.4738592102247126
0.3530813183854608
0.4851592051632264
0.4557984664159663
0.5720587688333848
0.5050919581862057
0.48542310911066394
0.6281300502664903
0.4515535919105305
0.483544185757637
0.5446552984854754
0.5337574359248666
0.45852504758273854
0.4857202855979695
0.4328160408665152
0.38439029893454385
0.40456029509796815
0.44563594898756814
0.47317230087869305
0.5162331812521991
0.5815712756970349
0.6785467775428996
0.5848706452285543
0.4619578193215763
0.6109230097602395
0.4970748442060807
0.49080294896574583
0.49820219243274017
0.6496073130299064
0.5338056736132678
0.49532903380253734
0.5556025995927698
0.4929458761916441
0.484145247760941
0.45867351135786844
0.41877270972027497
0.5021040509728825
0.41675953128758597
0.5756343944984323
0.4332264311173383
0.4569070488214493
0.49790442866437573
0.481234296279795
0.4596351420178133
0.4345645588987014
0.4675966483705184
0.585754510234384
0.5175684252206016
0.42349328275989084
0.44999969619161945
0.4593888065394233
0.5548827727051342
0.3936510682106018
0.48157445209867816
0.5703932397505816
0.49606668072588306
0.5462095597211052
0.49771418115671945
0.5671702325344086
0.4642575681209564
0.401991506709772
0.4838482457048753
0.46088986098766327
0.39126334733822765
0.43705587527331186
0.4707196021781248
0.4950794393525404
0.3636724458021276
0.41015937223153953
0.46848632482921376
0.37878407187321605
0.4401167964234072
0.5504181998617509
0.5113853864810046
0.41720622252015505
0.44023823825752034
0.45099830452133627
0.4282809662468293
0.39070885146365447
0.36033892280915203
0.44352541863918304
0.3730923735043582
0.4165140662123175
0.43286271130337434
0.4804646311437382
0.476609889198752
0.48548005258335786
0.6978018932482776
0.5081470091553295
0.40103161334991455
0.5609244651654187
0.5106177514090258
0.47862115151741924
0.44343020197223215
0.4238264183787739
0.4793095807818806
0.5086507148602429
0.5099160443334019
0.5212419725516263
0.49004147420911226
0.48022022142129783
0.4515944859560798
0.49607677056508903
0.3842061337302713
0.45664000686477213
0.4265592501443975
0.464875925989712
0.4357212825733073
0.4699997735374114
0.5002671112032497
0.4397066840354134
0.484075351673014
0.45904093104250293
0.45368557905449586
0.47331181256210103
0.3076597925494699
0.3439449974719216
0.4161441939718583
0.4422107970013338
0.5549954000641318
0.4856046350563274
0.5956298358300153
0.41665752670344186
0.4594235411461662
0.5948378145694733
0.4774018999408273
0.4877484046361026
0.51509508052293
0.5800077441860648
0.41834210034678965
0.3905436668325873
0.4378250618191326
0.3261721598751405
0.3657286386279499
0.44010206881691427
0.3826892919400159
0.41980238171184764
0.4240136216668522
0.3910600814749213
0.5181898553581799
0.44529908544876995
0.3915388321175295
0.346444523509811
0.4452887650798349
0.5396509950651842
0.33925315650070414
0.3975103295901242
0.35012197406852946
0.42718037436990175
0.41252942909212675
0.37483363554758187
0.45067305775249705
0.481659917270436
0.44111385415582094
0.3334868524004431
0.3642151478458853
0.31907911730163235
0.43838025980135975
0.4856804600533317
0.3601103547741385
0.41882455787237954
0.3512749689466813
0.43313534382511587
0.4951232364949058
0.3473722969784456
0.36262083404204426
0.39686219394207
0.42651573700063367
0.46298492656034584
0.4815290035570369
0.42354530271361857
0.4639178128803478
0.473511955317329
0.37697086176451516
0.42292026561849255
0.3774121684186599
0.4612543810816372
0.43905115039909587
0.4468573016278884
0.34870192233253927
0.52739198067609
0.46305056091617136
0.41301553652567025
0.33735979041632486
0.3687684062649222
0.5392247727688622
0.48055747151374817
0.44343332770992727
0.4643728698001188
0.5022621242439046
0.3692769662422292
0.4246177191243452
0.45786862162982717
0.4493639136061949
0.36521342133774476
0.3860819620244643
0.5182935376377666
0.3966803182573879
0.40846291973310356
0.4712790776701534
0.5097526522243724
0.4817103252691381
0.416728650822359
0.44896218969541435
0.3635563017690883
0.3182551689884242
0.5233761300058926
0.4859653439591913
0.4082403919276069
0.45692382314625907
0.4296234188710942
0.39366044367060943
0.3759213423027712
0.3812267754007788
0.34222989748505983
0.3913268902722527
0.3726149525712518
0.39174449969740477
0.3469695492702372
0.368002275333685
0.33391109810155983
0.3531169269014807
0.33200115841977734
0.29529592833098245
0.3907964996555272
0.43945881461395936
0.37860433319035697
0.3268102898317225
0.3315295489395366
0.36692044752485614
0.3457777412498699
0.3827723220867269
0.3471921682357788
0.40065546509097605
0.3977987503304201
0.3630261578980614
0.4628692935494816
0.4163729180307949
0.43189603440901814
0.34996194786885204
0.33889933982316184
0.3597584489513846
0.3504461391883738
0.33827298353700075
0.3396582226542866
0.38179580954944387
0.47592711010399985
0.3723474030985552
0.44131389172638164
0.3960220498197219
0.3831593928968205
0.39299511646523194
0.3305509011535084
0.41117879047113304
0.32484067450551424
0.3640921527848524
0.4258020621012239
0.4151092233026729
0.4412095467833912
0.4440392562571694
0.4651423894307193
0.469953352914137
0.39774664885857525
0.34039856142857494
0.2873714097282466
0.3563496935016969
0.34362205161767845
0.30224916163612814
0.5249874109731001
0.3783547054318821
0.4059724413296756
0.3937538134701112
0.35398876579368815
0.4605265242211959
0.3771333010757671
0.44083894175641675
0.4505765981533948
0.4313545726677951
0.5716425574877683
0.44733581998768973
0.39985302704222064
0.44886797491241903
0.4151049002128489
0.4317006880746168
0.3958015906460145
0.4474727353628944
0.3640112359734142
0.3348914402372697
0.28487717491738934
0.45934777224765105
0.5064979055348564
0.4030682251733892
0.29088102982324715
0.3905688927454107
0.3994489864391439
0.3863637570072623
0.5154031637836906
0.400831904481439
0.41375621276743274
0.49049794936881347
0.38627684642286864
0.36769688830656166
0.4002176860676092
0.4001874283832662
0.3691140527234358
0.3344416136250776
0.4205704366459566
0.328200357801774
0.3565434199922225
0.3589671368108076
0.3830217245747061
0.31867464062045603
0.40904030554434834
0.39604951003018546
0.2737005449393216
0.33615228095475364
0.32858529248658347
0.355044399990755
0.33376141944352317
0.3842044516521342
0.5295159895630444
0.3453834232162027
0.39634709761423226
0.39132999672609214
0.37205179210971384
0.4343394891304128
0.444480795194121
0.3926707032848807
0.4014320636496824
0.3105387179290547
0.4052509069442749
0.4039127484840505
0.3444131516358432
0.4365025671089397
0.4518699286615147
0.3994077330126482
0.3964371619855656
0.46568571469363046
0.4193324148654938
0.37214892752030315
0.5863396069582771
0.43355028857203093
0.4082881396307665
0.4204647032653584
0.3052851610323962
0.37600439085679893
0.3419148483697106
0.373428175554556
0.3236311459366013
0.3814196323647219
0.4302777402541217
0.4441297124413883
0.32651933764710145
0.4594281692715252
0.3871721423724118
0.3599453472039279
0.35711071596426125
0.31414178539724913
0.38456619224127603
0.28934147252756004
0.3434486660887213
0.391936240827336
0.44334732434328866
0.3595900246325661
0.40877362822785096
0.3343500792980194
0.39829935308764963
0.45573945606456084
0.43933553029509154
0.3581172096378663
0.35423579987357645
0.2891971539048588
0.2865276183275616
0.3642451947226244
0.40934347229845386
0.4245682621703428
0.38821758768137765
0.2798665008124183
0.29817769194350524
0.3428068064591464
0.39989808815367084
0.3977915723534191
0.2772007084944669
0.558161314795999
0.4726775840801351
0.3052075259825763
0.35595835482372956
0.36886273061527924
0.3913460321286145
0.4449867492212969
0.37229109248694253
0.3590405863874099
0.3252503310932833
0.36036835698520436
0.3047693634734434
0.28155019966995015
0.3449546545743942
0.311177340500495
0.27540652760687995
0.31981437521822315
0.3382426438962712
0.3340432582532658
0.4775906398015864
0.3494206105961519
0.34063804587897134
0.25608524373349023
0.3757648590733023
0.31473591222482566
0.2666188434642904
0.3597702283193083
0.3389019738225376
0.3142785298473695
0.35108258794335756
0.3854527429622762
0.48105207699186664
0.48168305351453666
0.4716552627437255
0.362174152451403
0.3777163563405766
0.38707346337683063
0.48280509780435
0.3604050699402304
0.3527541134287329
0.3623795404153712
0.34377504972850575
0.34664396152776833
0.3983360765611424
0.3923071210875231
0.2792866379022598
0.2934881238376393
0.3992217266384293
0.351324481122634
0.43991798776037555
0.279604913557277
0.2948185336940429
0.4599040071753895
0.38611091410412507
0.32590703052632947
0.4023480748429018
0.4085240776047987
0.3360741690677755
0.2762467615744647
0.43805190570214214
0.3236616148668177
0.3281296184834312
0.3254734084886663
0.3443783197332831
0.34367357545039234
0.32006197641877565
0.3838956031729193
0.38241489932817574
0.3458079423974542
0.42226428144118366
0.38353025913238525
0.3341393383110271
0.3758748283281046
0.3121822458856246
0.3032620575498132
0.3135719343143351
0.3776353203198489
0.2552919317694271
0.32089658607454863
0.4046987325829618
0.3921311024357291
0.3042299221543705
0.3316098153591156
0.4691467837375753
0.38804790202309103
0.3727340496638242
0.3352537860765177
0.3542265024255304
0.3841567267389858
0.3194356928853428
0.30819327515714307
0.3287433701403001
0.3167169409639695
0.41282756977221546
0.44959762780105367
0.39397821706884045
0.32137947310419646
0.3934830234331243
0.4248285661725437
0.32008081236306357
0.26243610417141633
0.23062167711117687
0.2479675473535762
0.24057375157580657
0.2698591421632206
0.3274291902780533
0.4425438949290444
0.4074067412053837
0.33581817150115967
0.32929936840253715
0.30073430170031157
0.31045055301750407
0.4088442053864984
0.3757435118450838
0.3287236900890575
0.3048562705516815
0.28559862997602015
0.27738390424672293
0.35408783397253824
0.2892821404863806
0.5401134473436019
0.3507792301037732
0.28691955173716827
0.36612634010174694
0.3555389563826954
0.3596419516731711
0.3688494019648608
0.3253316673285821
0.33130209936815147
0.30086401411715674
0.36906856780543046
0.37637170185061064
0.3898624681374606
0.2850489379728542
0.3252396224176182
0.3996305369278964
0.36080509774825154
0.26109390574343067
0.29451081463519263
0.33567266429171844
0.2917870589915444
0.26726022669497657
0.39676116143955903
0.2927941811435363
0.3348010348923066
0.3497720685075311
0.30109650247237263
0.39696070376564474
0.4298016165985781
0.32224691966000724
0.3699604456915575
0.2937413471586564
0.38008395187995014
0.27795202942455516
0.292928034768385
0.3663240767577115
0.24738117964828715
0.2515157509376021
0.252126581966877
0.30714570424135995
0.28228314133251414
0.37940896872211904
0.2650311317513971
0.32456516255350676
0.3268253654241562
0.33966540676705975
0.3323088130530189
0.5461221556453144
0.4042092377648634
0.3341180730391951
0.34177181650610533
0.30166271153618307
0.3395754125188379
0.20622188597917557
0.2456298036610379
0.29812278730027814
0.30228884167530956
0.27604618230286765
0.27734579321216135
0.2821057202184902
0.31313804361750097
0.41834291859584694
0.3850129220415564
0.35986265890738545
0.3298109796117334
0.42284536449348226
0.32193880835000205
0.3365611302502015
0.3205864113919875
0.3133658302180907
0.49318109715686126
0.40771878203924966
0.394542536314796
0.39213455687550935
0.32143692672252655
0.35424163411645326
0.3976793692392461
0.33498189642148857
0.3672120246817084
0.3647794872522354
0.3264441130792393
0.39335547913523283
0.31657301766030926
0.3405841019223718
0.29715171281029196
0.23761294431546154
0.3861868061563548
0.3790657835848191
