3.525687473661759
2.117817685884588
1.8502921742551468
1.7697413563728333
1.641057715696447
1.5726978480815887
1.3852096725912655
1.3127405538278467
1.3397379762986128
1.2971746781293083
1.2143143187550938
1.277733646771487
1.1710392517202042
1.0922765083172743
1.049093633890152
1.1208403303342707
1.0454424532020794
0.9880318431293263
0.9182427122312433
0.9581677492927102
0.9522403180599213
0.9229910382453133
0.9066696763038635
0.8998965734944624
0.8654447837787516
0.9145467491710887
0.8647068370791042
0.8075900095350602
0.8527607085073695
0.7813502370434648
0.8636726097149008
0.7799028346643728
0.7942500486969948
0.7578972486012122
0.7938986797543133
0.7481600335415672
0.7026391057845425
0.7082578647224342
0.6612293415648096
0.6959816239335957
0.7223563939332962
0.7647219957674251
0.7143144861740225
0.6796321248745217
0.7480329744079534
0.7148783623295671
0.6734509963323089
0.6212457227794563
0.668850059456685
0.6600332251366448
0.6977786890724126
0.6743241802734488
0.6643649909426185
0.5998297958251309
0.5880142947768464
0.6783881796633496
0.6022041775286198
0.5764623102458084
0.6214966475963593
0.5432779076783096
0.5870152556282633
0.5817218994831338
0.6070014387369156
0.5974800354417633
0.5973046040710281
0.5281299547675777
0.57436473360833
0.589013137799852
0.5778469156254741
0.543052504386972
0.5922847556717256
0.5972269249751287
0.5849236830630723
0.5707212191294221
0.5926868852008792
0.6597580252324834
0.559374129947494
0.5512688933488201
0.5096869801773745
0.5522204318686443
0.6335683414602981
0.559833522009499
0.5248951611711699
0.5545185775879551
0.5335960342165302
0.5030684278291815
0.5493288438986329
0.544325408690116
0.5374409360263277
0.49313492810024934
0.5041948681806817
0.47436801146935015
0.5485250485294005
0.5545913960565539
0.5219232313992346
0.4919220018474495
0.45678659583277564
0.433421390459818
0.4569340066655594
0.4501853813143337
0.4453393736963763
0.4740491832661278
0.4580059964209795
0.6016475481583792
0.5625779481933397
0.5602994140456704
0.5175453952568418
0.4832425563431838
0.46415402060922456
0.44180448002675
0.4661424642100054
0.4547439752256169
0.4222707509556237
0.4149580143172951
0.41098712253219943
0.49131132136372957
0.48563018134411645
0.47433657988029365
0.3948642222539467
0.46739672146299305
0.4836123197832528
0.4010413650642423
0.44308034779832645
0.36899128446684165
0.4228315716061522
0.4152455552316764
0.4558847634231343
0.41875979096135674
0.44212267821764245
0.4105931076714221
0.41526051413486986
0.4170847775085884
0.43257643337197166
0.46503025633009043
0.4397541138836566
0.47189531804007645
0.3875242801492705
0.4030659772893962
0.4151854255401036
0.47283536875072646
0.4645488235880347
0.40265297714401693
0.4196913499823388
0.4374843484119457
0.4523953118306749
0.4242588488713783
0.4201622457407853
0.3791123116936754
0.3839883753920303
0.40062442662961345
0.4417507178424036
0.45539009187589674
0.47570613694979863
0.4016420509227935
0.40598386252189383
0.4283496592851246
0.4291939800057341
0.38212360551252084
0.38940113706185536
0.40862430051407395
0.41316696365966515
0.3683570140205762
0.41314481669927344
0.4428519010543823
0.40960184386109605
0.39735677367185845
0.44377417292665033
0.4751768732333885
0.38132501437383537
0.36083293969140334
0.3849382844808347
0.3453071166158599
0.3919401962090941
0.3421131283154382
0.36737529911539135
0.35926159263095436
0.37499772669637904
0.38386077992618084
0.4506537411361933
0.4334566175718518
0.37862184665658893
0.5260710593532113
0.43513819005559473
0.38613093348548694
0.38825269224231734
0.41416391861789364
0.3666387479752302
0.4193971416748622
0.3865928406662801
0.4402412846684456
0.38668054660015244
0.3709824827006635
0.3379269163398182
0.38551895846338835
0.3742523182402639
0.36699148749603944
0.37572821076301965
0.3778381001423387
0.3487607618684278
0.3710959426620427
0.32252875058089986
0.37620605961145726
0.3391966297674705
0.3190805678639342
0.3484422222108525
0.36820067191386924
0.34968372576815243
0.34685639949405894
0.3598415099960916
0.3248218276044902
0.3307359064107432
0.3281014568227179
0.3953531369128648
0.409978958832867
0.3918737731873989
0.33681662791572947
0.3618514950880233
0.3685312506140155
0.35145846474915743
0.3470581751316786
0.33895308655851025
0.3257678018006332
0.30955009381560716
0.3712018803857705
0.30693166900207014
0.3436791604275213
0.3691537414732225
0.3355741429635707
0.4248080319341491
0.3777711767265025
0.34291572934564424
0.4061527806608116
0.4195055826841032
0.4137588202515069
0.4908215047462898
0.372039752519306
0.33731997440404754
0.31949331742875714
0.31947676437523437
0.32177242373718934
0.2896180786740254
0.3600643951555385
0.31601211883346825
0.2563062093823272
0.31884278000935035
0.3215057882754242
0.3341651192373213
0.3162612254895708
0.3481829678091933
0.36341968397883806
0.3170931686044616
0.29466749399023895
0.30002571549266577
0.36227936582530246
0.3836170346202219
0.36232072668259635
0.3269081223646508
0.309001559528577
0.30884779940414075
0.2772766352247666
0.32100948926937933
0.32183597817578735
0.31750569317270727
0.28614677790114107
0.2858688344576341
0.28882698977694793
0.2918831957504153
0.2901114046792774
0.2969192384796984
0.259897459517507
0.28432882262174697
0.3384700051015791
0.3334145453922889
0.300858191707555
0.3195059687337455
0.3249026473940295
0.2874262003666338
0.3096918372218223
0.3781799403950572
0.3551383870927727
0.2873424567172633
0.2859309547690346
0.44422076708253694
0.33190743641599135
0.33885476908043904
0.29022962662993984
0.3194909264497897
0.32206455303136916
0.32088207124787216
0.3072751380284043
0.3279029117787586
0.3359118927927578
0.31523473727900314
0.2845143450095373
0.26634179995230894
0.28971498834845777
0.25408556378063035
0.26657659880926504
0.3381788355353124
0.3292580730117419
0.3130384476526695
0.3626331506735262
0.2967345389701864
0.34691566086429004
0.3102398270412403
0.27163742211482983
0.27265761600916877
0.300369358402403
0.32229936040718765
0.27872084650923223
0.3027238370850682
0.28024396300315857
0.2812737411381129
0.2530884594273041
0.30103507281883674
0.2582201422739993
0.2854124941479634
0.29568739208009315
0.2905129241099691
0.2718791481490959
0.3088915405849762
0.28658183762694106
0.27492489249390717
0.29367984927204605
0.2723495184224756
0.34502664986340437
0.3350054784404004
0.24378210774568074
0.26723773017361324
0.27345300786306753
0.2558932861806277
0.3258891288355431
0.25037195588297706
0.31024680576999397
0.3332296033280299
0.29902361053973436
0.3179067514343735
0.2922823926543488
0.2896575242390527
0.32075208524132476
0.29828376216156516
0.24620617312543533
0.27625474111889214
0.28730412528795357
0.26231955161646886
0.21854806336683824
0.27760448501281004
0.2474512772716801
0.2503463909139528
0.29216107884969783
0.3282009119387059
0.32165162648786516
0.30292262780644436
0.25500527322840166
0.2739233600030489
0.21406059430035598
0.3139307057923254
0.2596986785750179
0.2783320028444423
0.253189123564345
0.26627208002130776
0.2998896995285416
0.3267971799325417
0.24953820759101825
0.288852445589488
0.2619910850189626
0.26933844839496646
0.26631975110948963
0.25305169664652033
0.26705575961729183
0.2200022842735052
0.220642309567398
0.23153274252955966
0.2388232976800817
0.2804532750947949
0.30298064161530314
0.25035960597040896
0.23311449296991615
0.3057896692634505
0.3082790454192197
0.3290578995776527
0.31272164228207927
0.3091571024235557
0.2829946195706725
0.3622537620146485
0.2791036146638148
0.2816725415999399
0.34862877192961816
0.29535012741518374
0.276284448829863
0.3313420897842768
0.3024775284506819
0.2894560794948655
0.2788399025414358
0.27681404565844464
0.2897857022197807
0.3055848521180451
0.3095922937397571
0.2815385909531923
0.26050888410057216
0.3256496942656882
0.33842349909793806
0.25688084091662483
0.2673198641003931
0.2696481764261775
0.2414420945022036
0.2913074721034397
0.3020720940959804
0.25619768280097666
0.24991786182748482
0.19425638455568867
0.2598142861114705
0.24368704515783227
0.31315713888034225
0.2742846523521139
0.2617162585888496
0.34250962635611787
0.24842962540466995
0.2591458352775696
0.2898620170102838
0.28165625276810985
0.24635434608139536
0.25767490725197334
0.22963908384554088
0.20311610276043854
0.2145659258342622
0.23745130332570305
0.25807111751397743
0.27721607517998886
0.31323596599566583
0.35938140919760747
0.3065877111409517
0.2471186107791522
0.32474005731808786
0.2621179906213108
0.25861910755253015
0.263175817370853
0.34518034515135426
0.28590211140758853
0.2678357895792407
0.29402466490864754
0.261016179834876
0.253291652592666
0.24591296346967711
0.22056421032175422
0.27050423750873
0.22249472385053248
0.30564207222093553
0.23503813109196284
0.24365126705892823
0.2671773507643272
0.2578064956537941
0.24349404493456378
0.2360800227342064
0.2470639398020199
0.3077584016410744
0.27379195792052674
0.2246617902727688
0.23883135605822592
0.24029444189577856
0.29164918156012015
0.21198667102383778
0.25644956855103374
0.2999203836216646
0.25972877687993734
0.28769364607903886
0.2724644914817284
0.30315270937760086
0.2526080808328355
0.2162361845428891
0.258629049106008
0.24579005828127265
0.21278961812255576
0.23321467236725285
0.25319576366147134
0.2641704276971081
0.19246395362321944
0.2221055001102607
0.2456197039470734
0.2024066482040593
0.23200666890753543
0.29430917149190516
0.2721476951778373
0.22553972724606008
0.23387699166093678
0.2393311344580177
0.22927586301503813
0.21618465747793808
0.19107156020917876
0.2350636552334489
0.2034122569294756
0.2209207461325123
0.23281959992121248
0.25215126806870103
0.25460879770381484
0.2562823812888168
0.3731295076363227
0.2662813948768684
0.21366696834892912
0.2990601709769929
0.2687869076617062
0.25203650557052565
0.23467304856132934
0.2246611164540381
0.24761270564597318
0.2643937746418969
0.27181235426927314
0.27505455083925934
0.2614399971139124
0.25132596577682037
0.23880872003021925
0.26145370523719225
0.2063618642551934
0.24173959895201466
0.2267793762661955
0.24644110012142098
0.23269085275173626
0.2506030145758653
0.2614127935786896
0.2338817381464383
0.2601723973913228
0.23962220765978975
0.23810627968872294
0.24934972735012279
0.16647905748173156
0.1796331097070566
0.22461377821095727
0.23151316963519683
0.2930903640192221
0.26506135711336837
0.32033093955696507
0.22104083789129028
0.24577073736444993
0.31401488072622347
0.25297544209067435
0.2596585757838672
0.2750555178260102
0.30897683557122946
0.22106157711652272
0.21586365548565106
0.2352422776440268
0.18000900345470974
0.1943173416041057
0.24017030904617379
0.20622991663677728
0.21958791489904636
0.22737920118550606
0.208142043392667
0.2742620661909528
0.2451571839286343
0.21044844246524222
0.1908608200850294
0.2388107982765445
0.2858742631643134
0.18234803761109053
0.21140074925086297
0.18956306790385177
0.22290756879374385
0.2216389045557555
0.1993026927469627
0.2406018562751877
0.2501102488981012
0.23723054501940222
0.18142756850540856
0.19580486597602859
0.17041885862400866
0.2350199672201758
0.26938013913219466
0.19903959483182168
0.22335239429958165
0.1968374257660745
0.2323240634492215
0.26476577085935893
0.1851664518882685
0.1896321879398516
0.21174224993378363
0.23517152702654986
0.24427559589693212
0.26544314940624375
0.22412162400124705
0.24977981748388095
0.25147459376603365
0.19931480048142156
0.22457512998131707
0.20384811467545874
0.24428481545627995
0.23335885125732816
0.23342454942929394
0.1841373891734025
0.28565753267749266
0.2579897907288635
0.21406815494136774
0.18457065758240573
0.19489933233982062
0.2936520979684942
0.25383090793483837
0.2343534395810874
0.24862339679727002
0.2669022930512095
0.19761269536855466
0.2294539424508591
0.24452933637589655
0.2394463563858367
0.1926278450854999
0.20666737460038243
0.2701536958270213
0.2159833979573758
0.21565433172509074
0.25174171359771313
0.26946749091696215
0.26529522456557436
0.22221028726712308
0.2423877578420455
0.19687970641397817
0.1704002576880157
0.28182002088493285
0.2617455918670577
0.21915010258774548
0.24540570668657036
0.23668750843909733
0.21419977867866263
0.2044485134538263
0.20461573157295146
0.18209710997282802
0.21018888406893788
0.2043380258769235
0.21305844854727826
0.1902744623777621
0.1972583306076772
0.18802974620998344
0.19031719001941383
0.17760032257886932
0.15810420338119216
0.2134626668275279
0.24069755192955627
0.20039302542093484
0.17933872796814232
0.18262869385345018
0.20122733117793412
0.1848529840764754
0.21157127876272974
0.18764195817194002
0.21470224908005228
0.22005873625440633
0.1991082267178332
0.24654457657871878
0.21885967671679443
0.23482983847669162
0.18554020982564373
0.18010698948466383
0.1944542766877395
0.18922768593491876
0.1802938053767909
0.1842769489842741
0.20458937113118522
0.26245127922362266
0.19652143845279865
0.2333645427133888
0.21076086092302027
0.2060438929235234
0.2091042905333726
0.1765999817289412
0.2158310641808545
0.18045427149627358
0.1977848150794778
0.2295566960785757
0.22169984292293735
0.23284366213278296
0.23271309665185125
0.24889460910002098
0.2547032529323855
0.2124643423320616
0.1881898506270612
0.1588278541149681
0.19319909246747985
0.1931833073442035
0.1645822377587833
0.281980200588484
0.20908017435987644
0.21252964017912745
0.20915689272806048
0.18804610490470247
0.24386413904893048
0.20271233929430738
0.23880853495724938
0.24198445399730084
0.22770904604455128
0.3100982799249537
0.23895682679379687
0.213773296926828
0.24029114223359263
0.21971737026401303
0.2272591834394809
0.21179225976469324
0.24010400112499208
0.19858223161495783
0.17854924672557151
0.15956366526456
0.24521618884275942
0.2738734897061744
0.21186012618572397
0.15718764850102804
0.20546861588681006
0.21332679575254374
0.20526978109196267
0.2729691196342601
0.21271568788763354
0.21847869201070247
0.2581384553135756
0.20742320507655249
0.1978916204534471
0.21164301892413812
0.21809013816528022
0.19955010890193722
0.1824978632058072
0.2259998124996748
0.17717159314163247
0.18899754230754778
0.1949870100874892
0.1995476519326022
0.1706218298880712
0.21545901142663376
0.20910544156589927
0.15337154877317302
0.18319386140415994
0.17192942164290478
0.1915231903686243
0.18237770060488187
0.20630224201116054
0.2798980940407252
0.1910474100834964
0.21059503228239276
0.21348281653926654
0.20562269911170006
0.2351998837034711
0.23549693242153702
0.20933818740441518
0.217630021411049
0.16987997383865364
0.21524998807238743
0.22192650907399022
0.18477084639701336
0.2350388726712588
0.23957543955732355
0.21342615491491468
0.21493815110229395
0.24984619837692557
0.22424776497406557
0.19922385692103384
0.3078012227642295
0.23187921168830464
0.21913236001616015
0.22607116442283287
0.16241770221249147
0.20216100142501733
0.18262794467291849
0.1984664657879073
0.17693604105700025
0.20270430918454246
0.2293397180379971
0.23284003298784442
0.17788791342172772
0.25555342230397987
0.2040780424962149
0.19202102712519906
0.18906401657937644
0.16904720299712875
0.21272640274015858
0.15448818322928512
0.18526062965119147
0.2155446593704469
0.24373842868953943
0.18732598797856448
0.22210343666237725
0.18108783936922385
0.21063684127019608
0.24513094821561346
0.23528843740110889
0.19059548540698254
0.18944327507907635
0.1578066956717521
0.15820055837770375
0.19506422512452393
0.2177600486560122
0.2273161087924724
0.2080015567377867
0.15180305021760218
0.16116414427318992
0.19506161617498627
0.21462001213256052
0.21585289645008743
0.1564864981577129
0.2973993068341823
0.24844615559970193
0.16326683748732596
0.18933329221737735
0.19377804461263998
0.2120461700593724
0.23261318839264705
0.19950885373605964
0.19397562891518808
0.17615463201860515
0.19630281525828383
0.16291750543271466
0.15493654417257538
0.17856035433600054
0.16761622983304894
0.15100109426523833
0.17906773476587498
0.17767129634397433
0.17944861133925288
0.25095883770571914
0.18400929258752832
0.17871309363502352
0.14096837635289
0.19960749354761312
0.16816369191442124
0.14953397285289077
0.19313245169434914
0.18259047875043882
0.1712413046454244
0.18503871032803812
0.20570960950435085
0.25472718504640984
0.2682555695064366
0.25065660209614127
0.19499509270741222
0.19769168604740545
0.2035653524525354
0.24818948567981886
0.1904032480190782
0.18943937777486794
0.19802049965159418
0.18212496763204827
0.18837033972993275
0.21368373824995668
0.20900718471966684
0.1523276863975779
0.1614776214119047
0.21114559792091742
0.18743886346654856
0.2402928444721243
0.14903682189897688
0.1615365688374047
0.24460169442874544
0.20378979167435318
0.17533784898627988
0.21669717164545813
0.21543659441008725
0.18118842261815993
0.1495712946429301
0.23690466341042124
0.1757259310072507
0.18292279866770567
0.17452157086774925
0.18980015429448993
0.18735623306266086
0.17468522112433085
0.20246265764923438
0.20538975780501084
0.18666340777075247
0.23073234025608091
0.2052509833319003
0.17916624288088367
0.20082154140040717
0.1670324151431594
0.1613304940298857
0.17139788550626048
0.20412630171460264
0.13756150774219456
0.17015453059609761
0.21399796036455562
0.20743893091019025
0.15963776607189656
0.17923893949345632
0.25271890728789215
0.2079412028166082
0.19759109267033637
0.17800851221032002
0.18910419523907715
0.200051407007884
0.17077363885062583
0.16646879940868958
0.17246694491340725
0.17128050219103255
0.21830317558830276
0.23919394449330866
0.204145260490751
0.16942829657893846
0.20669841082931004
0.22570686835987383
0.16785971033523844
0.13900777518831411
0.12182893074008033
0.1369309539988856
0.13211114264969878
0.15566428834298515
0.17612908919588388
0.2287214118439485
0.21768165500286749
0.17595353799954275
0.17965733294156105
0.16132271319956465
0.16353292253744953
0.2160504795884823
0.20149526702623596
0.17655054431216902
0.16020313566824532
0.1489159605527461
0.14979821480536723
0.1958539933171671
0.1572649800355601
0.29802874015534625
0.18854700442513123
0.15383022375788322
0.2038907650447286
0.18858400676810347
0.19529972707524018
0.1983025449273341
0.17703708005822538
0.17711078300250366
0.16541727500118533
0.19908156973885044
0.2015887213843491
0.21239115434068748
0.15005134700742714
0.1764837167061427
0.21344152770881705
0.18889830464168506
0.13821716309415505
0.15607178576208433
0.17986366412985852
0.15303129808949856
0.1406544634510818
0.2179893260164296
0.15589232662665276
0.1763035160393509
0.1830592068076572
0.16519403531599572
0.20899798165020697
0.22436071696746
0.16875661723315716
0.19881249436944284
0.1584279204663985
0.2067301905412665
0.15284785058568506
0.1606155831421561
0.2042716128327062
0.13714213964789557
0.13426770982914604
0.13387321936213137
0.16629326277111164
0.14820556950015837
0.20380731092026347
0.14120977223330342
0.17098688096602394
0.17789692797369377
0.18241240439580425
0.17829718728385427
0.2917910835513955
0.2122315660064273
0.18102779963245505
0.19030637925435953
0.15935298801153241
0.18359405943192542
0.11441550577429178
0.13086456555517062
0.15820595408406327
0.163946489639142
0.14730712297536872
0.14594192083870225
0.15431276975911767
0.16605171011692352
0.22053219361559434
0.20441737040699295
0.1940889017766013
0.17272826572469271
0.2273209473967333
0.1732283813659759
0.1776158953708706
0.1760076865389505
0.16768943622489185
0.2605421705691911
0.22137330653255477
0.2088967132217744
0.2050049897584626
0.16865986686624476
0.18980366636670248
0.21152473682099404
0.186406160800663
0.19150327304925988
0.19104995416915593
0.17117223076467566
0.20858510771273253
0.16679056241478332
0.1785833642215413
0.15845862763714702
0.12474160440101781
0.20257483974016985
0.20642651949995472
