[[ 1.93916617  3.14904591  0.93109314 -0.08174867]
 [-0.22271839  1.03853235  2.0768044   3.20430199]
 [ 0.93229937 -0.13282262  2.08845874  3.11911518]
 [ 1.02422749 -0.1952743   2.10968372  3.15272557]
 [-0.2133511   2.09932694  3.17266486  1.07272551]
 [-0.10921193  0.88457618  1.96530941  3.17706894]
 [ 0.871944    3.207939   -0.1979635   2.09989501]
 [ 2.14515686 -0.23844396  1.09276791  3.19184168]
 [ 2.07472899  0.97006383 -0.18681359  3.17343867]
 [-0.20048292  2.17031802  0.81546234  3.21008189]
 [ 2.03239298  3.15923707  0.85183398 -0.06058215]
 [ 2.1749073   0.82896036  3.187098   -0.19024556]
 [ 0.99404616  3.12538352 -0.18215117  2.12758232]
 [ 0.96503955  3.2158048   2.08459244 -0.22436893]
 [ 3.12052965 -0.17593757  1.01332984  2.11254762]
 [ 3.17370811  1.96236287  1.04836682 -0.176888  ]
 [ 2.10374382  0.86771411 -0.19260429  3.20387016]
 [ 2.11618801  0.94658357  3.20697424 -0.22155997]
 [ 3.19073944 -0.1608348   0.847718    2.10118137]
 [ 2.0919485   0.88698032 -0.17203098  3.18172075]
 [ 2.07600731  3.13274166  1.04482107 -0.17554066]
 [-0.23246094  3.21385686  2.18380501  0.86106678]
 [ 0.82522105  2.12127457  3.23310845 -0.21409055]
 [ 1.94987401  0.89379762  3.21767869 -0.18436207]
 [-0.19707038  2.12248638  0.90908997  3.18454575]
 [-0.1770386   2.14246685  0.87573353  3.16504161]
 [ 0.9716177   2.084839   -0.1994491   3.18461493]
 [ 0.94320981 -0.08690324  2.08336825  3.06111038]
 [ 2.09624307  0.97152242  3.09335674 -0.13743298]
 [-0.2025122   0.93527835  2.08583376  3.19684177]
 [ 3.16647631 -0.13620102  0.93195997  1.98402551]
 [ 3.22537197 -0.20596564  1.99058222  0.89793058]
 [-0.16397369  0.94882249  2.14665786  3.08894481]
 [-0.18672527  3.144737    0.97858851  2.12167111]
 [ 2.11181729  3.15309195 -0.09699706  0.83815789]
 [ 3.12192353  0.9988549  -0.13735258  2.03771443]
 [ 2.15050005 -0.2089636   0.89854315  3.18806302]
 [ 0.85235206  2.0762127  -0.19426306  3.21821664]
 [ 0.84736582  1.93248559  3.23120248 -0.17937681]
 [ 0.90603618  3.17577876  1.97574123 -0.13065393]
 [ 0.92132357  3.21509247 -0.20623329  2.03369505]
 [ 2.03705233 -0.18304665  0.88949109  3.20457709]
 [-0.15499488  2.02440403  0.82763003  3.21682291]
 [-0.1085825   3.0599911   2.05085186  1.02572613]
 [ 3.18795897 -0.21626963  2.16248975  0.90534487]
 [ 1.98264448  1.02785728  3.12958357 -0.13400233]
 [ 2.15610496 -0.19098427  3.21414579  0.80936906]
 [ 1.09224988  3.17389372  2.06517814 -0.21062028]
 [ 2.0912104   0.93674265 -0.16001789  3.14614996]
 [ 2.00345034  2.15180172 -0.18955446  2.10683608]
 [ 3.21219787  0.81698464  2.20045764 -0.22378616]
 [ 3.1618163  -0.20485286  2.16341797  0.92096922]
 [ 3.17429179  0.90696199  2.09499923 -0.1751533 ]
 [-0.16491907  2.10982119  3.19277273  0.84363716]
 [-0.17038957  2.11517094  3.17018578  0.88519453]
 [ 2.10144437  0.77849931  3.25483012 -0.21001064]
 [-0.17492822  2.16593373  3.17837798  0.83021839]
 [-0.21605336  0.99088509  2.16452047  3.15750069]
 [ 3.17056322 -0.21957551  1.04480827  2.14032289]
 [ 3.20985582 -0.21265997  2.17099747  0.83411824]
 [ 2.0259561   0.92548955 -0.09589094  3.12594458]
 [ 3.19868424  2.01275955  0.87442703 -0.15890095]
 [-0.15237408  3.18214792  0.857755    2.09207258]
 [ 0.91308978 -0.17181445  2.04139043  3.18679086]
 [ 2.02459896  3.20462592  0.92806327 -0.19411546]
 [ 2.10818491 -0.13758947  3.12437816  0.90947274]
 [ 3.20153366 -0.17399639  0.85859175  2.07686407]
 [ 3.19200452  0.89208302 -0.17781647  2.0695304 ]
 [ 1.04963367  2.0951372   3.12204558 -0.17843763]
 [ 2.06349576 -0.17974748  1.04398998  3.14638186]
 [ 2.10897151  3.19989633 -0.20336262  0.90156182]
 [ 3.14842876  0.82471253  2.1548916  -0.11988561]
 [ 2.11029004 -0.23547427  2.17388043  2.15031384]
 [-0.06411161  3.0474742   2.06381424  0.95286108]]