2.9013337113640527
1.8840949968858198
1.6310750896280461
1.4693009907549077
1.452300954948772
1.491841966455633
1.3681764169172808
1.2220059822906146
1.2182897329330444
1.1158497116782449
1.1359357996420427
0.9672266624190591
0.9809088679877195
0.9769382314248518
1.0125297524712302
1.1278891563415527
0.9622355103492737
0.9219306002963673
0.8871073180978949
1.0126632750034332
0.8966504335403442
0.9765281785618175
1.0285807143558154
0.9830462363633242
0.8353764658624475
0.8710158115083521
0.9376255951144479
0.8438392227346246
0.828988256779584
0.9002444066784598
0.666534811258316
0.882825726812536
0.7650165178559043
0.7403857423500582
0.687808099118146
0.7586286514997482
0.7975710792974993
0.8546311963688243
0.803864289413799
0.6943965567783876
0.7369143922220577
0.6008086949586868
1.0003616186705502
0.8700508800419894
0.8197203590111299
0.7278717390515588
0.7850351374257695
0.7521028938618574
0.6885191920128736
0.7011264955455606
0.6167105666615746
0.6838639703663912
0.7712132822383534
0.6591042903336611
0.6718349226496436
0.6014209890907461
0.5747030851515856
0.6347509581934322
0.6189431033351205
0.6071344695307992
0.6975426240400835
0.663582748987458
0.6047893383286216
0.723860580812801
0.6545828282833099
0.5739622034809806
0.4666900865056298
0.6589530923149802
0.6866886480288072
0.7209856943650679
0.7449773211370815
0.7197199612855911
0.642505097118291
0.6062104146588932
0.6625217239965092
0.5847806185483932
0.5862252021377737
0.6312041485851462
0.6744664284315977
0.583340360359712
0.5078629404306412
0.535656441341747
0.6323582760312341
0.6660935377532785
0.6988414336334575
0.6140353408726779
0.6430078541690653
0.62579084797339
0.565662915056402
0.7073360058394346
0.6402336399663578
0.597358610142361
0.602252188053998
0.6910050890662454
0.6267073560844768
0.6610010862350464
0.7659670019691641
0.5878926840695468
0.5315384675155986
0.6429396054961465
0.7320150854912671
0.6420692666010424
0.5802599638700485
0.6034975444728677
0.6213669682090933
0.5602271976796064
0.5501478693702004
0.5542385144667192
0.5488103086298163
0.5338973850011826
0.5579006902196191
0.5990491184321317
0.4662951854142276
0.6611405407840555
0.5554407218640501
0.6098031130704012
0.5202156982638619
0.4921917969530279
0.6227327470075
0.49941938438198785
0.6219796660271558
0.6413777375763113
0.6689411306923086
0.5589822666211561
0.5662272762168538
0.5208108465779911
0.5386602458628741
0.6577698642557318
0.5802083543755792
0.5310598056424748
0.486548742110079
0.5918328938159075
0.5650247586044398
0.5167177895253355
0.5294159068302675
0.50438131256537
0.6009188490835103
0.5809254117987372
0.5352961481972174
0.5681443973021074
0.6046873412349008
0.5081404583020643
0.505680882117965
0.6017691594633189
0.6102752821011976
0.5110838196494363
0.5608822032809258
0.45118938250975177
0.5500194389711727
0.44678632711822336
0.481385085393082
0.47906519201668823
0.5030484633012251
0.5592993348836899
0.4376528574661775
0.5164607275616039
0.4508671150966124
0.5413977646014907
0.4710566862062974
0.4841472533616153
0.4143205406990918
0.4311095340685411
0.6608140604062513
0.5129898596893657
0.6097640042955225
0.5757896859537471
0.49544060365720227
0.5387999158013951
0.607379979707978
0.5814211490479383
0.5690933777527376
0.6035039221698587
0.5693923275579106
0.5696012729948218
0.6044867743145336
0.45525177771394904
0.49541582844474097
0.5227026654915377
0.46250224723057315
0.44815600460225885
0.6685208034786311
0.4921860918402672
0.48062650114297867
0.5219301771033894
0.5240316987037659
0.4353774582797831
0.45085955072533
0.44585351713679056
0.4517005045305599
0.410854964771054
0.44141197340054944
0.46396493031220004
0.5552272884683176
0.4573488025502725
0.526193381710486
0.424208401279016
0.4624852768399499
0.44302318651567807
0.5934117260304365
0.5036990290338342
0.49706741354682227
0.6878014809705995
0.44928568533875723
0.4178145642984997
0.406770838255232
0.38931888274171134
0.4057289951226928
0.4651329612190073
0.41242132674564014
0.5455183447761969
0.571346870877526
0.5115052610635757
0.4930457289923321
0.4721661311658946
0.5212587050416253
0.5674333694306287
0.47310065545819024
0.4348729225722226
0.5061528391458772
0.45296444269743835
0.47470573810013855
0.3849055882204663
0.5301679034124721
0.38816156170584937
0.46527602997693146
0.44750024242834613
0.4765110510316762
0.4917787618257783
0.497585766017437
0.49390860917893326
0.5218343965031884
0.4062027877027338
0.5228366499597376
0.4456931481307203
0.4170170385729183
0.6110873039473187
0.4164827980778434
0.38428204506635666
0.35022924027659674
0.44380430199883203
0.39783917435190896
0.4815853434530171
0.3983637805689465
0.4710599651390856
0.45845862478017807
0.47044758701866324
0.4431582235477187
0.5132104043256153
0.4746339808810841
0.5118124613707716
0.39397159963846207
0.4208469885316762
0.42449804734099994
0.39876030724156986
0.46986477957530454
0.4480663294141943
0.5103335543112322
0.4352233965288509
0.40462217886339535
0.38376232981681824
0.4332842461087487
0.44723899594762107
0.5985342433506792
0.46692901917479257
0.46133985641327774
0.46595077419822867
0.37631792507388373
0.46977955577048386
0.4465980035337535
0.47566309571266174
0.5265006693926725
0.5675622570243749
0.4238990599458868
0.47538641637021845
0.4867319769480012
0.3816786530342969
0.4035254852338271
0.3338050496849147
0.3643704341216521
0.34148631719025696
0.32694595848972147
0.4016991128975695
0.4135837094350295
0.47800563275814056
0.4788683625784787
0.42275131222876633
0.41722899065776303
0.4309780618006533
0.49749174917286093
0.5818081024018201
0.3965499529784376
0.4230538654056462
0.4066401374610988
0.41948195614598016
0.37886832044883206
0.43077046966010873
0.4054791304198178
0.489216420460831
0.45860388807275076
0.4782531308856877
0.49124688519672915
0.5377118269150908
0.4312733018940145
0.4314168149774725
0.3350194821303541
0.4167643941261552
0.3959677862850102
0.5103175369175997
0.4493905170397325
0.5071762691844593
0.408883272246881
0.40713655813173816
0.3943797072226351
0.29677151279015973
0.46361806108192966
0.4051663638515906
0.3480582968755202
0.3804174641316587
0.4141533835367723
0.30487924069166183
0.40823729742657056
0.4360092929141088
0.43649302423000336
0.49527323652397504
0.4060595455494794
0.5287798019972715
0.31370106068524445
0.5428747480565851
0.4101470573381944
0.5041538172147491
0.42566320164637134
0.37429125810211356
0.3962394730611281
0.39741769297556445
0.3984133797613057
0.49979340217330237
0.3534027128057046
0.32964773408391257
0.3054075999693437
0.35185639492490073
0.5269911431453445
0.3383018137379126
0.3720675178549506
0.40455249696969986
0.40135479312051425
0.4338903989304196
0.3573801497166807
0.4751079163768075
0.3211928457021713
0.27878240970048035
0.40322286500172183
0.32118586518547754
0.3967994735999541
0.5223121466961774
0.4199086373502558
0.37742157551375305
0.46162422272292053
0.5390178872780367
0.43519292026758194
0.4140924777496945
0.3785029202699661
0.4241022745316679
0.3541733832521872
0.273004758764397
0.3349620212208141
0.41386726600202645
0.3903715258294886
0.4121013940735297
0.4288639568469741
0.3665387427264994
0.5063416585326195
0.5216800116679885
0.4739939732985063
0.634836002506993
0.4602133171124892
0.3893304473974488
0.5080332112583247
0.5330817489461466
0.40633600747043436
0.4008728794076226
0.4901284101334485
0.40500176562504336
0.31445288116281683
0.3423432064327327
0.42637916112487967
0.42686213011091406
0.37549717182462866
0.4874695668166334
0.3386488069187511
0.34755967218767514
0.417678291824731
0.3639886670491912
0.39758338779211044
0.4327225102619691
0.41720122132789006
0.37524192983453925
0.41166377473961224
0.5750584737821058
0.4262708581306718
0.35868795622478833
0.49253347380594775
0.4449196925217455
0.3873418400233442
0.34896551817655563
0.3400008495558392
0.44497752528298984
0.35214166749607434
0.41275390643965115
0.46853253177621146
0.47940047762610694
0.5286235436797142
0.43680083887143567
0.3846020576628772
0.3368034247647632
0.4628614221106876
0.37903243980624457
0.31478437849066476
0.46551266414198006
0.4453426545316523
0.38989194414832373
0.43912506713108584
0.5692156966436993
0.39874218133362854
0.4117339720780199
0.5459362187168815
0.4251745045185089
0.35396494987336075
0.378967093473131
0.3786364614286206
0.3281706933948127
0.39706726439974527
0.399517991326072
0.44471754878759384
0.3990969563072378
0.4223624474622987
0.4441181631250815
0.4704701385714791
0.3639488714662465
0.3725122870369391
0.43424196067181503
0.3590046919204972
0.38760895417495206
0.3185664157975804
0.36663007600740954
0.3978354355151003
0.36332492530345917
0.3588341968980702
0.36089600013061
0.3115066256035458
0.31401112269271503
0.3682855845175006
0.37235696613788605
0.2530256516554139
0.4127630946988409
0.49013475396416406
0.354406287046996
0.3940989998253909
0.3513331108472564
0.3389071761207147
0.3506482229991393
0.31386866860769014
0.4310096366838975
0.37752195447683334
0.3241403817453168
0.273461194539612
0.41657040132717654
0.3380561118776148
0.3294809111817317
0.349730793048035
0.35974947634068405
0.3431868255138397
0.48616634106094186
0.3463306725025177
0.5064697865058075
0.34974450685761194
0.47628546032038604
0.37049332328818063
0.391988297755068
0.32521211965517566
0.30880116231062193
0.3670811957933686
0.36333812502297486
0.4749607782472264
0.28639319810000335
0.34158026901158417
0.3441054021770304
0.32968325032429263
0.2804763422093608
0.4482066407799721
0.39408553594892676
0.4045726304704493
0.3210287243127823
0.34381492774594913
0.34710267423228786
0.49626551974903454
0.41431206600232556
0.4785133349624547
0.47374377399683
0.4191905812106349
0.46440743045373395
0.40063792196187104
0.34441638162190263
0.3600640750744126
0.42187905514782126
0.35859384726394306
0.336089107461951
0.3550661558454687
0.3933401724154299
0.38168912584131415
0.34669101712378586
0.3632051226767627
0.39391213994134555
0.33777636221864005
0.30330290509895846
0.4062724587592212
0.31245617534626613
0.42857604947957123
0.3663096898658709
0.38248103992505506
0.3851445584811948
0.41898662596940994
0.3693948889320547
0.4475105150856755
0.36068978770212695
0.5054901682517745
0.4791323590007695
0.3590644489635121
0.36281110786578874
0.33207991448315705
0.3696401810104197
0.47755633700977673
0.486849805848165
0.4048404578458179
0.42212455855174497
0.34260164675387467
0.3962839984081008
0.3919325501404025
0.37253653664480557
0.40575620464303275
0.3733981874856082
0.34696338833733037
0.4856077649376609
0.3883784691041166
0.2945261343636296
0.2548982267352668
0.36947186426682904
0.4345106831328435
0.37868920171802695
0.3721059574322267
0.3840344819155606
0.33382628790356894
0.29495345056056976
0.2728537300770933
0.31244067644531076
0.38726919652386144
0.3934278061444109
0.3849205022508448
0.2879158112813126
0.3027713197198781
0.45576959442008624
0.38835960694334726
0.39090315997600555
0.35432336073030124
0.4148500270464204
0.45336383513428946
0.40583569183945656
0.31749829853122885
0.41174974461848085
0.382659222592007
0.303635990077799
0.3722231994298371
0.2680862275036899
0.2769243276932023
0.37106091021136806
0.33637200363657693
0.3705228496004235
0.3720126754858277
0.30393203551119025
0.3133525215089321
0.28514931858940556
0.23140061070973222
0.21486867049878294
0.2620122151618654
0.32122291218150745
0.2931656874716282
0.34855895286256616
0.325907768512314
0.3150590251792561
0.3830237273465503
0.40728921883485536
0.2504698254845359
0.4776488129388202
0.32984595136208966
0.33730304715308274
0.33868267285552894
0.29610501432960684
0.33741753141988406
0.46049459888176486
0.37494565004652197
0.4041936065662991
0.3884018856016072
0.3640823167833415
0.2950444258749485
0.36010195551948115
0.3926596621220762
0.4146722179244865
0.2846404967660254
0.2595565481619401
0.24747818843884903
0.2625942406329242
0.33133219995281915
0.30718094957145775
0.35118309780955315
0.29492497139356355
0.2522755173796957
0.26018323681571265
0.27660881727933884
0.41620964963327756
0.3810959021476182
0.34313121607357805
0.30901398035612976
0.42405699769204314
0.3672784275629304
0.36516885696486995
0.4173252403058789
0.31546479124914517
0.3688656575977802
0.3922691006552089
0.3012508451938629
0.42527610436081886
0.4452547102489255
0.29478213461962616
0.3090516152707013
0.38808565654537897
0.3682234138250351
0.332635334269567
0.31102249839089136
0.33347217603163287
0.3845372484488921
0.3047694177790122
0.25008095597678964
0.33719109066508035
0.24682716991413722
0.2753359993750399
0.269030264494094
0.3698288727213036
0.29084677689454774
0.276627103374763
0.3042199306867339
0.22210484912449663
0.28686159070242534
0.39527399702505633
0.4776288941502571
0.386010199107907
0.31218102134086867
0.3325181088664315
0.33509303256869316
0.4195385135032914
0.3269155631688508
0.34884418242356996
0.31882975182750006
0.35461128706281836
0.3341444903476672
0.32767667587507854
0.3183886137875644
0.39922266182574356
0.3179692141711712
0.5250371068038724
0.37187434461983765
0.30419615148143336
0.34423854100433265
0.3011180419813503
0.4057413576678796
0.39567840641195123
0.33375216885046527
0.4020981775088744
0.29630194502797996
0.47208853404630313
0.3522402894767848
0.3804396502673626
0.2349412153390321
0.2403575171801177
0.40429097244685347
0.3498049940575253
0.3217658983035521
0.32572170008312573
0.42083891007033264
0.2763719281012362
0.44089081477035175
0.38594381646676496
0.4309607459740205
0.4031326320361007
0.4528774930672212
0.3059386997060342
0.40067327970808203
0.40387145599181
0.3591249690137126
0.2667585655369542
0.35415937108072365
0.2644410373812372
0.3135408589785749
0.5752617696469481
0.2878976013850082
0.2765860239213163
0.2918850745667111
0.3123534914444793
0.31687862358310004
0.3362195586616343
0.3090601126578721
0.29504247856411064
0.30240173874930903
0.2941440198231827
0.24332219396125188
0.22254286672581325
0.30493526126850734
0.30091160434213554
0.32402327724478464
0.2620578049258752
0.20872355354103175
0.3031595935198394
0.3338565795936368
0.3358485661447048
0.3697317134250294
0.3108947402374311
0.2648480717431415
0.3904325051063841
0.40444324097850104
0.4315840622240847
0.34746780314228753
0.3653246889060194
0.4245287904685194
0.37571964954788034
0.4294911941344088
0.22225888920101253
0.4431632249192758
0.2979606518691236
0.273447763513435
0.30203085020184517
0.2761524570259181
0.30322954668240115
0.48803571848706767
0.31230242821303283
0.29826992784034123
0.25784875181588257
0.30767903476953506
0.2764353443953124
0.4408274069428444
0.29593589732592757
0.2752836204387925
0.3183380626142025
0.38951078802347183
0.40251419659365306
0.284999166699973
0.2891447794708339
0.3613917014815591
0.440786329860037
0.322108250788667
0.3559114685790105
0.30629443072459916
0.33679068596525624
0.4448300115764141
0.41358349844813347
0.36342993446371774
0.3892818113619631
0.3550211502747102
0.305529520931569
0.3251566903834993
0.31913474608551373
0.2562582641839981
0.33474473587491294
0.35142493281852116
0.2698834358968518
0.27818854220888833
0.37144751101732254
0.2858644425868988
0.36049834300171246
0.3648199350996451
0.2789029695770957
0.2706762030720711
0.2865691367875446
0.27176573703234846
0.363440010019324
0.3968332687562162
0.292058720507405
0.33399221538142726
0.3507529114457694
0.25716534798795526
0.26388445225628937
0.2658792974596674
0.3352814547040246
0.3088550557467071
0.3902955556457693
0.25887342169880867
0.37935085594654083
0.29801673882386903
0.36926707185127516
0.3827799931168556
0.3064701431854205
0.22958022288300775
0.4320391562174667
0.3439543301408941
0.33646358346397226
0.3283677046949213
0.2187385599721562
0.336824700913646
0.39077152379534463
0.38303048637780274
0.25858947905627166
0.41566966677253897
0.324456453662027
0.3059399734166535
0.3374842601743611
0.25266543301669037
0.20654350891709328
0.2823287092826583
0.4135554934089834
0.32605595514178276
0.3752483149821108
0.2593613253398375
0.23255117271434178
0.3098162842745131
0.2943750914524902
0.2891843779520555
0.3588795174251903
0.3421322893012654
0.3804962133819407
0.27322271771051665
0.3122884204441851
0.35636147687380965
0.27180521664294327
0.34977598454464565
0.3276700939644467
0.29552663219245995
0.37254621901295404
0.32104520770636474
0.3782679286192764
0.3279974480921572
0.35272603211077774
0.3377598717131398
0.25531734356826
0.2513886425982822
0.3714450679042123
0.34096732566302473
0.3185400210998275
0.3139285614544695
0.27330918406898325
0.3606990602883426
0.2792735363949429
0.3162637122652747
0.29526286165822635
0.3144025169312954
0.3188480328429829
0.2619835595515641
0.4181676341051405
0.25849777629429643
0.3416277105835351
0.35420137203552504
0.23292259871959686
0.2959226569668813
0.3217397731813518
0.45628530091860076
0.3757112083787268
0.3221123709597371
0.3911100700497627
0.31952483274719934
0.31158758056434716
0.2863091585988348
0.2929980013180863
0.2326034459878098
0.2734494392167438
0.4407211128960956
0.3997550535608422
0.3779302385043014
0.2953425527296283
0.40692921219901607
0.3521578437225385
0.3241798644038764
0.23276943848891693
0.3086809529499574
0.31607695601203223
0.2997578741474585
0.25711207362738525
0.2483915022828362
0.3612907163121484
0.24407647651704875
0.2804716561328281
0.29219277372414415
0.37068000401962886
0.2640580182725733
0.2734363546425646
0.2928832962431691
0.3108011484146118
0.2781029336831786
0.28514057194644754
0.3745148219168186
0.3026316873729229
0.2579589415002953
0.2502561357210983
0.4084432470527562
0.2709178833121603
0.2762684114277363
0.27416373653845355
0.271820182827386
0.2958850714970719
0.31340398639440536
0.26585523039102554
0.27617687257853424
0.36792450601404364
0.23473614589734512
0.3481676544655453
0.2526766197247939
0.3053369450975548
0.3384483781727878
0.35276317257772793
0.3316202685236931
0.25957030870697717
0.25763093815608457
0.24684306979179382
0.33430597253821115
0.28161581605672836
0.3848672736097466
0.3888226774605838
0.3668054227124561
0.37427870218049397
0.4021319228817116
0.30636207115921105
0.2887278070504015
0.48238302022218704
0.35966465452855284
0.33956109190529044
0.27868480066006834
0.2416175515814261
0.2002614469013431
0.19138093512843957
0.25919675031168893
0.2514826123687354
0.39492381702769885
0.4211673259057782
0.3438268398696726
0.2783697040920908
0.2639935732903806
0.32039865580472077
0.3732468661936847
0.39210078526626935
0.38173704323443497
0.2851327285170555
0.2392508519644087
0.30642749707807193
0.3035467148504474
0.38350450789386575
0.31968518007885327
0.36797758598219266
0.24782367219979112
0.3168110163374381
0.28685420006513596
0.3612968450920148
0.3535953252152963
0.42717315967787395
0.3370744321833957
0.31610569391738286
0.35195575146512553
0.31522342122413893
0.2655646245587956
0.33588398146358406
0.3796018822626634
0.3226920122450048
0.45580898225307465
0.4156202118505131
0.3398834243416786
0.37127450481057167
0.36500318720936775
0.32658419554883783
0.38354277644645085
0.3094195764173161
0.31285152516581793
0.3750442862510681
0.2960551713000644
0.3831209476021203
0.3240686109797521
0.26012178374962375
0.273848700591109
0.3633107160302726
0.38221975754607806
0.23788288777524774
0.3170952234755863
0.3087757968089797
0.2788509860296141
0.23878201672976668
0.36267412233759055
0.28219120610844006
0.2791458923708309
0.21276918324557217
0.22669222476807507
0.34219440445303917
0.45241582190448587
0.31775830482894724
0.35187818719582126
0.32667364552617073
0.3453304046256976
0.32214991985396907
