2.0629329004070978
1.3875028247183019
1.121965541080995
0.9662299745462157
1.001752112399448
1.0035438943992963
0.8605183640664275
0.7674208981069651
0.7550265470688994
0.6693478389219805
0.7105196704241362
0.5824601677331057
0.5910698967901143
0.5784171277826483
0.6101847839626399
0.699679409577088
0.5814958268945868
0.5469845343719829
0.544500606642528
0.6491660231893713
0.5348542368208821
0.6023039391094988
0.6494241106239232
0.616739535196261
0.4910945948213339
0.5125003658573736
0.5651020192625847
0.5019163616340269
0.5060839387164875
0.5377008869228038
0.38916604026136076
0.5230634710328146
0.4408027800646695
0.42930708249861543
0.4014308799735524
0.44114270620048046
0.4873763993382454
0.5146769410507246
0.47380203448913316
0.3938161753626032
0.4325164705514908
0.3457841952754693
0.6389622308991172
0.5186524111777544
0.49342504143714905
0.43042746880515054
0.45730102477087214
0.4540667440742254
0.38675104835155333
0.4140407996760173
0.36769780254160817
0.4089556641199372
0.4529830767688426
0.3712128604846922
0.3865762653506615
0.34894080129875377
0.3286386711776934
0.35973876917904074
0.3565469640730457
0.34591969809579576
0.40505452471023257
0.38408807207914913
0.35755274165421724
0.4190315390005708
0.3838513968512416
0.32809136367656966
0.26692129112780094
0.38680223578756506
0.3901040515100414
0.42625919661738654
0.43663732622834767
0.4203062261539427
0.37401507947255264
0.3499296429482373
0.37572173054584046
0.3373660741543228
0.33640429614619777
0.36527213657444174
0.39079084332016384
0.33346421258862724
0.2940919508480213
0.3069914036684416
0.359888824634254
0.38007725504311646
0.3989962470633062
0.3525475873188539
0.3822155377234925
0.3526186164129864
0.3163099477321587
0.41116514624181116
0.3633807593617927
0.3406084378842603
0.3420723559842868
0.384130746380172
0.3639809765260328
0.3852655692026019
0.4486195064911788
0.33069833080199634
0.2985075909475034
0.3655054714869369
0.42118239191106777
0.37393715215677564
0.3330267689783465
0.3566721184179187
0.35630898600952193
0.32636720763350074
0.3134596222503619
0.3151176313615658
0.3139491601085121
0.29810306429862976
0.31986377540637145
0.34651281142776663
0.2644324930892749
0.3749096757647666
0.31127670949155634
0.34800917900760064
0.29414775942198257
0.28002540538595483
0.3618644712154161
0.2838236838579178
0.363850495016033
0.3715390831401402
0.38435357047075575
0.3159256990660321
0.31864533039995213
0.2994844674725424
0.3097663443874229
0.38397890160029585
0.32645060189745645
0.3016930315643549
0.2727320680648766
0.3354442056099122
0.3266279391775077
0.29307863683524454
0.2972701547498053
0.2838575639338656
0.34802010079676454
0.3382599496875297
0.3020467858507552
0.32354120774702594
0.3454823004589839
0.28730307951230893
0.288332600696859
0.34563586208969355
0.3599488647993315
0.2981544073501771
0.3233846098353917
0.25478654879737983
0.3113559906963598
0.25060702119530603
0.2776209866120057
0.2691954861987721
0.2823482309044762
0.31302900273691525
0.24869725070047108
0.28953185910359025
0.25629892767491663
0.30531430299478496
0.26742727614261885
0.2791081336326897
0.23408664707941088
0.2438435139219192
0.3842770570719784
0.29293059473010624
0.34700557301667606
0.33017244579439814
0.27349350262771954
0.3048669603568586
0.34853010362183506
0.32724925164471974
0.31617942587895825
0.33846112653951754
0.3191443913700906
0.3202859293669462
0.3390844297510656
0.25330266407267615
0.2790561669336801
0.29550843304869806
0.2620116909542544
0.25238959630951285
0.3918724170970646
0.2770473062992096
0.2765812664292753
0.30168644097548997
0.2969631138681011
0.24606996165080505
0.252003962428055
0.2536233408715237
0.2512200299057771
0.23217723717574368
0.24496040006422184
0.25987566355615854
0.3093839433382858
0.2654303954914212
0.29747503267770464
0.2401411598548293
0.2591183794323694
0.25345689185302367
0.33571432916108856
0.2873275040818209
0.2773359817960723
0.39199091638015077
0.2533598458817737
0.2336167755790732
0.22734718016264113
0.21589043799957092
0.22337846441025083
0.2605599304237826
0.22988315565850248
0.3072952471927486
0.3198647971519015
0.28394255359572446
0.2821028495461426
0.26579720569266513
0.2895757126706568
0.3168250058608299
0.26445927640253847
0.2502953197637742
0.28392141655256803
0.25415902004831215
0.26781345675276086
0.21879959984851832
0.29417046172205696
0.21682077415541492
0.26272425381466746
0.2482956561937251
0.2661220620555634
0.27055687237192283
0.28127577680755744
0.2761404751376672
0.2934951596385376
0.23211152517152103
0.28886558970605786
0.2557450190017169
0.23166733522984115
0.33863655490462075
0.23633788208561865
0.21824064050716432
0.19913672772236168
0.25140604232861236
0.22053446933965792
0.26649923804639414
0.22760372316803446
0.264570809265768
0.25819157770919526
0.26752946458079596
0.2490479976192794
0.2867548050020229
0.27561830140819604
0.28689247953959485
0.2217941478487443
0.24449610138650646
0.24418111793188887
0.2282944476993924
0.26433097033507447
0.25250476793470705
0.2885194839063016
0.25013306305151095
0.22743869323114102
0.21467816474085505
0.24603130211207
0.25121928290040657
0.3409116826951504
0.2640648814426227
0.25781727404418314
0.2592596489174122
0.21130962297320366
0.2630016613243656
0.247079892761328
0.26315177676521917
0.2908898262222382
0.3075286354869604
0.23943713819608092
0.2585793252272362
0.2716157334772023
0.21200995676388795
0.22631715860387142
0.18439237417822535
0.1992133261254904
0.19143788880583915
0.18231034592132678
0.2252288798547604
0.22931364394555037
0.2631277345882898
0.2650255648927255
0.23552614488554272
0.22962548230266708
0.23505765064196152
0.2752817964435301
0.3254388609731739
0.21993011921982875
0.23592517093162646
0.22543429460545833
0.2324162220836363
0.20774044447832488
0.24179165712981063
0.22610600182617252
0.2685161813754927
0.25238385927778756
0.2713709947314452
0.2716223986142061
0.3006763312626969
0.24264170005070892
0.2402690751478076
0.18735975374213673
0.22937886179848152
0.21825144787065007
0.28297900374640117
0.252405340783298
0.2864576584066857
0.23049964391711084
0.23116645221175117
0.2199566917578605
0.16523032294670967
0.25560681225562637
0.22596347467465835
0.19241610503840176
0.21084308173422786
0.22973045042123308
0.17077996094965123
0.22367921348830516
0.2403838362290778
0.24289365879006006
0.2836762237023901
0.22597546949559313
0.29277709761465137
0.17522236120633103
0.29561460636217485
0.22952369270338255
0.2718692467844283
0.23394305305555463
0.20696701382456179
0.2179808726915243
0.222121733029119
0.21608270789411935
0.27240645267408004
0.19930056808516383
0.18590934481471777
0.170219380133362
0.19535072414543142
0.28941550228575413
0.18563498833894052
0.20526741286316377
0.2254603454970162
0.2235319014977325
0.2405437919395891
0.19436724541116168
0.26053184761919757
0.18086391742425886
0.1568971304857934
0.22779881281100892
0.18088933668861334
0.22419747959991748
0.2896982055919414
0.23066422546451743
0.21085825515910983
0.25387730733068153
0.2980427783490582
0.24292275800623678
0.232715698890388
0.20935856927694244
0.23335781380195508
0.19414095667360182
0.15052890832620588
0.18338744863021103
0.22928916667164725
0.21913950132544746
0.22806383715942502
0.2321569647385993
0.2043418955396522
0.2834254049442031
0.2909936269914562
0.26479535418647254
0.3502933298322288
0.257966292090714
0.21849682355638256
0.2837978669611568
0.2889287743124772
0.22387645292011174
0.22460180199281735
0.27294781211424957
0.22539176846939055
0.17982214740054173
0.1889544175091115
0.2343382412483069
0.23806975908916106
0.20893189357593656
0.26947150396352465
0.18971458299678157
0.1977120729755949
0.22976711428385566
0.2056687529283491
0.22285618095404722
0.2407016372308135
0.23099935706704855
0.20727838387458838
0.22919309257783674
0.3178385637954555
0.23678545717319305
0.1989026937041093
0.27012702776119113
0.24611047405580228
0.2133328144607896
0.19596044820818034
0.18751655832271685
0.24935355558144776
0.19521286639130928
0.2319656892002306
0.25574062878943304
0.25870328095995565
0.2928964860991321
0.24402502107179977
0.2179432845970785
0.18801114297556606
0.25465312985364685
0.21114310797896574
0.17502152464691212
0.26130258571356535
0.2452037352010269
0.21550159655850043
0.2395673610947349
0.31333839131349867
0.22466501068662514
0.22699384833686054
0.2989726395092227
0.23403066019950944
0.19614069144749505
0.20534125168342143
0.20851175800304522
0.18012185295281763
0.21499466117132793
0.2230832322754643
0.24450982675294985
0.21868806607513266
0.24142818326469173
0.24675786740739236
0.25737276156856254
0.20006459919651123
0.20887130625884642
0.24642831942235882
0.20292536228556524
0.21356237057427113
0.17957449674775655
0.20494632990184156
0.22497025991536
0.20259676310657102
0.19933763844892383
0.20066876404664732
0.1713692672042684
0.17192107000896198
0.20133446385575968
0.20773549399084665
0.145723152524707
0.22643995852294294
0.2746191046370024
0.19646423163993115
0.21522322157397866
0.1958554807457734
0.19121578069065104
0.1965977264229547
0.17493106678805567
0.2361410176593133
0.20907978726212273
0.1802403817630627
0.15237636972134086
0.2266159468034113
0.18610813955522396
0.18304884903640908
0.190767506624318
0.19694039695472879
0.18910742297091268
0.27322390489280224
0.19254204410720954
0.27847522437911143
0.19517001082104715
0.2603018273895776
0.2051298548044129
0.22022948071191256
0.1794083399528807
0.170106623491103
0.20142691781405697
0.2021653005345301
0.2631144073199142
0.15792648183097216
0.18743401869538834
0.19067447427236897
0.1844624238385057
0.15580497250299563
0.24360703736204992
0.2152778635605831
0.22179449372924864
0.17688525161197918
0.19092875977300786
0.1928165399003774
0.27249686944891105
0.2306075205772438
0.2617298223247582
0.25932037677954545
0.2350985731252215
0.25424464825879445
0.21799305335364558
0.1939084678041664
0.1946562536018477
0.233052592639896
0.1971588107249276
0.18313510284166445
0.19153976715593177
0.2151892859361727
0.21048574687235735
0.193702072751793
0.2002262348436158
0.217122685756873
0.189496498554945
0.16969627779061822
0.22250218007882888
0.17452057973820378
0.23571460876105862
0.2038595270873471
0.20911582906476475
0.21027533801018514
0.22919039690697735
0.20057696438479153
0.2529988822696561
0.1995760369622572
0.283035118852488
0.2674644101749767
0.20192963050001048
0.2037917344661599
0.1841999951496043
0.20373836445452814
0.26459524289450864
0.2649984601461752
0.2255391104739498
0.233417998787693
0.1932245374826545
0.22111066856252198
0.21931270945986564
0.2080711014992134
0.2277170306664299
0.21014186856336892
0.1896903512533754
0.2665621140463786
0.21560585526326162
0.1665897827426141
0.14299471058290114
0.20679985755123198
0.2405370301567018
0.20773270089094611
0.20861800920895554
0.21173464134335518
0.18689149167304012
0.1648944794115695
0.15176185730590738
0.16906451402147385
0.21029376877810468
0.21744382705285467
0.20956601553850554
0.1597701865248382
0.16628497379662638
0.25132770611989225
0.21444156816737217
0.21409642910161478
0.19602395958182486
0.23219296505505388
0.2475500444627621
0.22429909576153892
0.1757427877323194
0.22508592535318298
0.2126239614815197
0.16886257970790294
0.20444028930399905
0.15115594322031195
0.1543210866353051
0.204123741121624
0.18521522336893462
0.2087546602653509
0.205086777029051
0.1677778155796907
0.17375129363922912
0.15727695376104253
0.13036314689088613
0.11864773129028353
0.1444153716491366
0.17682338544082912
0.16528114761141213
0.19084228577346288
0.1796625009949573
0.1771821774203669
0.21249286256815222
0.2242088405076753
0.14210281017321078
0.26719079683111474
0.1862718257629736
0.1858053394720297
0.186646035681902
0.16157089432024144
0.18624716614034365
0.2535815519196066
0.20668601371686568
0.22253876683217558
0.212890502509915
0.19956213983029805
0.16150946995582094
0.20080305309966207
0.21564299439672718
0.22994144912809134
0.15764362703670154
0.14709832730957054
0.13911234547214751
0.14721240623938767
0.18049417207525534
0.1723451631736349
0.19503948545422067
0.1640440939332951
0.14129607158247381
0.14283479963937265
0.15383062745571474
0.22989806003699248
0.2115228028586981
0.19316775411028753
0.17369834625754843
0.23336199588481
0.2089117303151976
0.20197476402179085
0.22985792716711081
0.17114575509913266
0.20104666536843235
0.21454531062309715
0.16817085435402326
0.2325639693828469
0.2406082938171246
0.1646683733402328
0.16913111694157124
0.2135724855417555
0.20166969149034808
0.183232437946241
0.17282265397212046
0.18334934333424
0.21407270300286738
0.17031210563568908
0.14061429010788826
0.18635591957718134
0.13821046365509657
0.15282434200741013
0.14743577158713544
0.2017952342814004
0.16171699865530667
0.15358038792725315
0.16837743534283203
0.1244724721499634
0.15785076984585347
0.21414879262870687
0.2672822243872691
0.2137597655581141
0.17974933319386432
0.18322842149063945
0.18589118087071588
0.22912196520800618
0.18310755741020496
0.19347490554421462
0.1752625252543525
0.19969443426552144
0.18491482357917863
0.1811333700633523
0.17374870845709334
0.216907253975726
0.17583757291801952
0.28910577445375646
0.20057387952692807
0.16656536255455154
0.18828215879726817
0.16602897188964894
0.22317273711616342
0.21773139662532645
0.18201593127609653
0.21929022019983016
0.16170393449085002
0.25865926195613365
0.19454190029170026
0.21144718693738634
0.13579111461612312
0.1361039998009801
0.21595372140026567
0.18946641120551663
0.17767122548750855
0.18020250074650077
0.22887019635262815
0.15451429936696182
0.2383288286880336
0.2080984158780087
0.23553007951175625
0.22298219609497624
0.24656855283220383
0.16997276422229002
0.2185456823049621
0.2216850990344855
0.20013591947711326
0.14638004713395442
0.1944123419975354
0.1478234857998111
0.17230535734614189
0.31553692887113854
0.16251804470084608
0.14899280089461667
0.1611998766152696
0.17208178274714472
0.17671919840557332
0.18581015957434746
0.16929346005516974
0.1631368818396533
0.17305088688788767
0.16576954326592386
0.1325179082129828
0.12342221569269896
0.16835967543407937
0.1674711334900084
0.18776891111734917
0.1455582007659938
0.11713836018250069
0.16635966622693973
0.18175036277071657
0.18483421352522617
0.20211957657540386
0.16959937862967225
0.14785458505238322
0.21417155296711082
0.21967719165100294
0.23329244626008652
0.18929363404061983
0.19916473695246334
0.22851027463647453
0.20613855688663368
0.23924000349573113
0.12258090709590098
0.23919058627110312
0.1668324583760378
0.15243700196416202
0.164386300613511
0.1552367574873973
0.17058410137807103
0.26258184389338235
0.1812058370772072
0.16587903014045546
0.14271646471355448
0.17089212469925935
0.15292073370338502
0.23586470032618803
0.16201145614666695
0.15117563732730394
0.17550400206395847
0.20844024512916803
0.21756395896558056
0.1566754768348553
0.15650589141825383
0.19701144912026144
0.24057432367805054
0.17444009820676662
0.19588408394801346
0.16733605497178028
0.18907070875337179
0.24516265995969827
0.22681261418090964
0.2015701895897192
0.21706503875214944
0.19293414219282568
0.16902625823224132
0.17828062777830797
0.17478479411114345
0.14082123309543187
0.18844423802908172
0.19308796550401233
0.14817913350733844
0.1544034338810227
0.20448960157492282
0.15964484684677285
0.20087733722969212
0.20535538851452823
0.15871137992309575
0.14999692823568528
0.15822040401822465
0.1492598478216678
0.19639050960540771
0.21620038998397914
0.16246278727935118
0.18189493951980362
0.19149932110766796
0.14239005708474328
0.14722019925036214
0.1497684646799991
0.1829616876784712
0.16652819620106707
0.20951096793975343
0.14341733596203002
0.20548302527855744
0.1665000202007253
0.20226213304241272
0.20959287900900977
0.17083516547625716
0.12724107527174056
0.23128560769625686
0.19084938755258918
0.18408094951882958
0.18138129511763426
0.12334428563587028
0.18373878930949353
0.21521538140421564
0.20835929880426687
0.14361223857849836
0.22865705270404843
0.17790219289335338
0.1657189441294494
0.1863234188428826
0.14490793642206964
0.11445744302843443
0.15227498330535705
0.22954461556351322
0.18197332906790756
0.20557310904206877
0.14240655487149276
0.12992841340813108
0.17128235901790587
0.16346460047431968
0.1586247629020363
0.1968094048894603
0.18527160000733353
0.21168427359820766
0.15097472120330416
0.1726063791535456
0.19777391201139174
0.14890119401653382
0.19146450068166648
0.1791691503762691
0.16452217339114708
0.20698227983137424
0.17450010568030516
0.2041430973278528
0.18227905352515253
0.19457319812764498
0.18811531707813794
0.14327666093595326
0.1389720333126289
0.2048695799047974
0.19047074470753697
0.17706454572775823
0.17256785651922904
0.14940057523463937
0.19684050276621498
0.15317847130989487
0.17315262439660728
0.16107515382199464
0.17178766879210758
0.1777205059135502
0.14558692699806255
0.2280764668671922
0.14395347526508637
0.18582340333060446
0.19183213297616353
0.1281604269646447
0.1592794801849364
0.1796670048074289
0.24443491190587255
0.20652547798288817
0.17103984543461015
0.21208897912451488
0.17478331783786416
0.16810819172215732
0.15868712841025132
0.16116246513345026
0.12854579179971057
0.1480730239047923
0.24078012541444463
0.21603322634473443
0.20716925625773994
0.1632337563840503
0.22395554339428517
0.19158497406169772
0.17638510971499438
0.129220890018835
0.1688562218015167
0.1729780709243972
0.16114423962690952
0.14103354562327944
0.13819629466161132
0.1943686751818115
0.13895470430989834
0.15524536752226678
0.16129803967619824
0.2019236143043434
0.14747958797538144
0.14849569971292195
0.15886228679764
0.16873581428080797
0.1519860246811401
0.1630495341325348
0.20661584863608534
0.1715812969063832
0.14105627346064217
0.13707927847281098
0.22139689677648924
0.1504267738200724
0.15401481721677224
0.14922669714062728
0.14880729518534447
0.1627035824454982
0.17139874587089501
0.1444170890185474
0.1492660798195919
0.1986923417055302
0.1305319924246181
0.19212505560029636
0.13875295539301905
0.1676673344230618
0.18334456044249237
0.19387960055081005
0.18463248031383211
0.14419346749359233
0.13976239193950526
0.13690567599736492
0.1832789491586895
0.15059934893030336
0.21093488979915326
0.20793718395924027
0.20460964641957122
0.20239276661198924
0.2225889359304512
0.16679006412794645
0.15733750429089097
0.2611679427791387
0.19595423292114653
0.1823439275083894
0.15535538534591484
0.1340726556637409
0.11237254926130515
0.1102347349779765
0.14131662038959225
0.13914923228069462
0.2108982561727647
0.22913883160799742
0.1867577607785775
0.15202823541635138
0.14911339031955737
0.17427213386293838
0.2048877771012485
0.21569800861603158
0.20766248856671154
0.15638529129368675
0.13298727688379586
0.16459515447389672
0.17010477462529458
0.21602635644376278
0.17744557418733498
0.2045637838627127
0.1398110212229023
0.17286271398717706
0.1587555421600965
0.1950158826604655
0.19404646045189688
0.23623249087144027
0.1858164455995641
0.17484104292551902
0.19408013156234202
0.17592912031845612
0.14589810225350613
0.18361828456082466
0.2070033086717806
0.1760355083229528
0.2479364290113815
0.22826496848243882
0.18333294921004298
0.20310491645200687
0.19560719351284206
0.17795564321039076
0.207881953895346
0.16896482426884837
0.17244049880272624
0.20621344421736218
0.16266043471511116
0.20382729934697802
0.17582484241575003
0.1440459310648624
0.1479738460303369
0.19939628230746498
0.21221928605386478
0.1319920160299675
0.16943035426083952
0.16787048786963252
0.15273162942718377
0.12952891445126047
0.19967144008048557
0.1562542050272565
0.15610308647790755
0.11953763191757555
0.125991473948075
0.18306005524937063
0.2472961978267201
0.17290485295763408
0.18986148380843754
0.17834002416665581
0.18985018885525112
0.17890854927033864
