2.4603735243572906
1.57044600388583
1.3896390690523035
1.196077799095827
1.2197801681125866
1.1122106138397665
1.0708267864059
0.960758363499361
0.9085946608992184
0.8745142572066363
0.8801532037117902
0.8547899127006531
0.7973748743534088
0.7639698526438545
0.7360199006164775
0.7406436730833614
0.8033451771034914
0.7144270399037529
0.7056235741166508
0.7008020018830019
0.680061878526912
0.6912999135606429
0.6402170176015181
0.6382891693535973
0.7539906536831575
0.7236195820219377
0.6323473479817895
0.6868850615094689
0.6126038046444163
0.5775454359896043
0.5648434319916893
0.5657215486554539
0.7021939263624304
0.6567467267022413
0.6138043053009931
0.5606945016804863
0.586198059075019
0.5769481378443101
0.623747765141375
0.5517140232464847
0.5403977781534195
0.6111219332498663
0.5593235168386909
0.517379559138242
0.4888657717143788
0.5254547674866283
0.597379933385288
0.44364631088340983
0.5641479465891334
0.529575880836038
0.5835805158404743
0.5158047903986538
0.5505889470086378
0.5458974689245224
0.523859425502665
0.47228506470427795
0.5183582209488925
0.5493543279521605
0.5540237242684645
0.479544972672182
0.631484239416964
0.5823039877064088
0.6353397141484654
0.5563417164718404
0.4638347459190032
0.4799870410386254
0.4710615137044121
0.48304249872179594
0.5131723933360156
0.40941886691486135
0.45530300981858196
0.49135687421349916
0.4819297010407728
0.46842308605418487
0.466917782145388
0.5667056160814622
0.529835284632795
0.5311653841944302
0.5117433991502313
0.46858907797757315
0.4197951879571466
0.45592770944623384
0.5468416512012482
0.5496468614129459
0.474541772814358
0.4642233918694889
0.5180261652259266
0.4839773072915919
0.456607964108972
0.3921563958420473
0.4305868017322877
0.44199612561394186
0.48189371999572306
0.3935656626434887
0.45759258726063895
0.37176090566550984
0.4445332727011512
0.44872086451334114
0.4306138736360213
0.41463365361971016
0.4404128150028341
0.40448681045981016
0.38509148885222044
0.37853184123249617
0.39315029058386297
0.4564265323912396
0.38800641017801624
0.48695290439269123
0.4121544799383949
0.4281958201352288
0.492333058925236
0.46497101818813996
0.3886430565925205
0.41416721133624806
0.45076155794017453
0.3924930989742279
0.5301324317560476
0.40383802398162727
0.38758206542800455
0.3501544805134044
0.32212815784356175
0.4467937245088465
0.43351711683413563
0.42274003169115854
0.38206778817317066
0.44214582443237305
0.33307847512118954
0.3384786686476539
0.3830833540243261
0.33835257195374546
0.42983493121231303
0.3974127537187408
0.3929334681700258
0.3865228312857011
0.3844982714337461
0.34281812345280366
0.557206532534431
0.4691416007630965
0.35198866488302455
0.3244051990263602
0.4301721475580159
0.5032684890662923
0.5085144595188253
0.46889784844482646
0.4543056895627695
0.42790159451610904
0.3815067541949889
0.41474850256653395
0.31854960234726176
0.31781233759487376
0.3777213767170906
0.3617827212985824
0.4029260071761468
0.45700578610686693
0.4990564041277942
0.35833964935120416
0.39634980918730006
0.3690711904098006
0.37599249666228013
0.3211216374355204
0.2847844024791437
0.30087309681317387
0.2689193916671416
0.3546329333501704
0.33393651159370646
0.2970077364760287
0.2742007602663601
0.3466750922448495
0.38154008370988507
0.37694691033924327
0.3132469851304503
0.2410128677592558
0.2395079000031247
0.368404325316934
0.3185831295216785
0.29633716888287487
0.36442652651492285
0.41344265376820283
0.4385797802139731
0.3335614406010684
0.43044301955138936
0.3866964876651764
0.42148332516936693
0.35028088355765624
0.39904603099121766
0.32683164582533
0.4275250636479434
0.3606382954646559
0.3335288210826762
0.39656495785011964
0.2717110874021755
0.30020953408058954
0.2818225740509875
0.35713893481913733
0.23935414894538767
0.35278399551615996
0.26540975623271046
0.3101666850202224
0.2920999386731316
0.28088605184765425
0.3365587048670825
0.28375041134217205
0.3536355653229882
0.30490783601999283
0.33760883922086043
0.3487471508629182
0.2468757730196504
0.27424461350721474
0.2047411965973237
0.3958336807349149
0.24934001223129384
0.32566342546659355
0.26591825529056434
0.37045549250700893
0.2683580228511025
0.2962547159370254
0.3329036717905718
0.3575502467506072
0.403513602912426
0.31688668052939806
0.37018529763993097
0.26313427528914285
0.2605733639177154
0.26351670526406346
0.2628963339854689
0.2884833646171233
0.29037943482398987
0.31063665537273183
0.244846869040938
0.31384193371323976
0.2760403020416989
0.2416782916030463
0.25565677486798344
0.27489683207343607
0.2796980033026022
0.29524040178341027
0.3147364797837594
0.28741399593213024
0.29349107119966955
0.29785849416957183
0.2788277921431205
0.21799634835299322
0.28329232203609805
0.23854244675706415
0.33773383804980445
0.34248973648337755
0.3850799562299953
0.26650745027205525
0.24399139030891306
0.37304909220513177
0.4522586789201288
0.450420304256327
0.30835842428838506
0.30281104015953403
0.3156963604338029
0.3290004962507416
0.29529333202277913
0.3026948864845669
0.31834736334926944
0.3981174703906564
0.33040323765838847
0.32989805717678633
0.32773832363240857
0.3277183486258282
0.35068333762533527
0.31839336717829986
0.30766183795297847
0.28526802361011505
0.2281640969655093
0.2972417429966085
0.32503586087156744
0.23740959540009499
0.3017210199990693
0.2969803889008129
0.3051690450486015
0.27739322054035526
0.3236660475240034
0.29034947516287074
0.24561136084444382
0.2843417516526054
0.24130234472891865
0.3698468865717159
0.29218236050185037
0.21643756505321055
0.2962930419427507
0.2636343201293665
0.23788820996003993
0.3075856811860028
0.2336496807196561
0.23598247788408222
0.16396818704464855
0.3069448856746449
0.23058295271852436
0.2602846675059375
0.29251579195261
0.31324247884399753
0.23534684737815575
0.2544031697599327
0.3533766534836853
0.30376478898174625
0.30659721923225064
0.21524162480936332
0.2878284180427299
0.27904607311767693
0.23267655819654465
0.23639659452087738
0.37521862676915
0.2551339189795887
0.2668258933460011
0.2861535882248598
0.3039466370554531
0.2752002701163292
0.3198620089713265
0.34129057123380546
0.26425542682409286
0.2350380052538479
0.24717373159878395
0.2677040711483535
0.28013522002626867
0.3605911175117773
0.3921247611151022
0.32913049091311064
0.27821286767721176
0.2985426130540231
0.26077794305541935
0.259899525957949
0.21625955008408604
0.24791956605280147
0.1888571898726856
0.17559363320469856
0.23251695755650015
0.26039855992969346
0.23199717700481415
0.20337543110637105
0.2547908026505919
0.2603735822965117
0.2443412976229892
0.26512160415158553
0.3161660538000219
0.2395350398386226
0.3424384436186622
0.2766903213718358
0.3113691675312379
0.29912937739316153
0.2917032436851193
0.1935761879910441
0.2034264016239082
0.2955324575304985
0.27182745319955487
0.2366402359569774
0.22654827114413767
0.3093962513786905
0.2841865411576103
0.2778783414293738
0.20341154231744654
0.28788402764236226
0.32004722339265484
0.26045708489768643
0.22016372400171616
0.23083635835963137
0.19722868787015185
0.2341229023740572
0.2389523713465999
0.3488264311762417
0.2718822701888926
0.33206038045532565
0.31281669919981675
0.32878001472529245
0.1898438242428443
0.24496935395633473
0.27680739935706644
0.27298787323867574
0.3359975547474973
0.3262734987279948
0.27094412332071977
0.21243095573256998
0.35669530139249916
0.3119918826748343
0.1945219541735509
0.24241426433710492
0.19920430069460587
0.2697930130011895
0.16988831495537476
0.28774651074234175
0.2406789226567044
0.27352401592275677
0.3323639990652309
0.21718931899351232
0.30796996306847124
0.22642950078143792
0.2380469914744882
0.21816538712557623
0.21951797232031822
0.21861328863922289
0.267513460096191
0.3669891495476751
0.2580462983425926
0.3014182242400506
0.1967108712038573
0.19612941649906776
0.27881255658233867
0.27061305217006626
0.2728725132696769
0.22665099711979136
0.17388353562530348
0.26717496246976014
0.287819090354092
0.28595324737184186
0.26531486936351834
0.24205230833852992
0.24799598972587025
0.26211002644370585
0.17085936687448444
0.3884940666749197
0.22851557065458858
0.2953275433358024
0.2930114803945317
0.26858390517094555
0.25752602386123996
0.23914938200922572
0.1782122392426519
0.32212357332601266
0.2887384602252175
0.33494268116705556
0.26888080291888294
0.2558668801451431
0.2100718525402686
0.2959897901643725
0.26012567649869356
0.2551434046643622
0.22908574255073771
0.2860004711238777
0.22303002502988367
0.23231223422814817
0.2071444705566939
0.1649630919975393
0.19743966223562465
0.23289277952383547
0.18380764806095293
0.2770181909641799
0.25289950760848384
0.22598883159020366
0.2661349013009492
0.20562842181500265
0.2381233544472386
0.27602551943239045
0.2524920658153646
0.3244336565189502
0.301789557451711
0.23667023528148146
0.25786211845629353
0.23587163932183208
0.23774241327362902
0.286678991992684
0.31888040965970826
0.25340011343359947
0.2689892020733917
0.16229071029845407
0.22727813900393598
0.26187000752371903
0.28821727699216676
0.1917807284523459
0.26962338475620046
0.27617836809333635
0.2225162533714491
0.15197107612210162
0.20695053698385463
0.19291223344557426
0.2435326874256134
0.20038649899994626
0.28965265281936703
0.28926295896663384
0.3066527657210827
0.36364753610071016
0.20109914725317674
0.15377752329496777
0.27883489101248626
0.26875701897284565
0.25815168570946245
0.23394137840060628
0.20338482497369542
0.21279823232223005
0.1756062119760934
0.2537661236436928
0.2230706585242468
0.29531990802463365
0.16545776825617342
0.2705431516994448
0.27135175641845255
0.2174338626072687
0.30051401367082314
0.2157684910823317
0.2318170666694641
0.2656599313897245
0.19802311413428364
0.22143019691986196
0.2576570155866006
0.26431407275445323
0.22405861624900034
0.1948438736007494
0.3508945238940856
0.28755097704775195
0.27554892573286505
0.32251592309159394
0.2504446467055994
0.29630202383679505
0.31752638453069854
0.2036329472766203
0.27095099757699403
0.2536460494293886
0.14917094150886817
0.2939709497286993
0.1825546975083211
0.14381002393715522
0.19352001784478917
0.2171951703288976
0.18004566179040601
0.19643470162854476
0.28727390200776215
0.1885934084215585
0.22811906894340234
0.17861453684813836
0.2143839011516641
0.21942145136349342
0.27777520063168865
0.19963355647290454
0.19772219066234195
0.26425601651563363
0.21874931235523784
0.2612648043124115
0.25904527350383644
0.25578848995706616
0.20973081645720146
0.2516215206945644
0.2023269095841576
0.14666389914996483
0.2697162345490035
0.23382520719486125
0.23002627163248904
0.17587569969541886
0.19868269738029032
0.17385086636332905
0.193203507539104
0.25560030165840597
0.22956019135959008
0.2272513313766788
0.2779909083071877
0.1876878590487382
0.2548866456045824
0.17570526109022253
0.18110573839615374
0.19070974605924942
0.1894996166229248
0.19720143890556166
0.12856307472376263
0.23596841337926247
0.2996559436706936
0.2634309506153359
0.2295707858660642
0.23749693176325629
0.3579281879698529
0.22747614322339788
0.24238447713501313
0.27223863781375046
0.17369454529355555
0.1969110753168078
0.14140898033100016
0.1744747223222957
0.19839582833297112
0.2689709818976767
0.20945645364768364
0.17061386125929215
0.1727919779060518
0.1998759326251114
0.35327940719092593
0.20762786904678626
0.27495791763067245
0.2454114573843339
0.23160245335277388
0.24694756637601292
0.2826225985498989
0.20281211900360444
0.1832230430753792
0.2221865117111627
0.23294166913803885
0.2071595207294997
0.21311257494723096
0.16902755463824554
0.1959875087965937
0.2235597159494372
0.2179085844579865
0.17614824850769603
0.2201489757965593
0.20311085485360203
0.21685663413475542
0.2515755911522052
0.258497207042049
0.1915099299786722
0.20100759933976567
0.28525087434579344
0.1678742917583269
0.2233795769074384
0.2779595812453943
0.21944598283837824
0.2604428746682756
0.3364116799305467
0.24516708184691036
0.19396612354937723
0.16771167998804765
0.19828240704887054
0.20001999990028493
0.2013375507119824
0.1729443136821775
0.18466836345546386
0.21191814607557127
0.31912702475400534
0.3669328827630071
0.2659373344743953
0.18144088369958541
0.1532879539710634
0.30812262415009384
0.2539028299643713
0.19112377044032602
0.18647740343037775
0.17699312331045375
0.20740339247619405
0.2178939335486468
0.2525828498251298
0.19329254592166228
0.2168753605116816
0.1970849186182022
0.16312268661225543
0.16554298602482853
0.23295732269830563
0.2528410030200201
0.1808656756492222
0.22268241578165224
0.25520571562297206
0.21260964081567876
0.19175870979533477
0.24555018588024027
0.23463383141685934
0.29525883758769317
0.3005663667093305
0.23229722328045788
0.234284907579422
0.18595395105726578
0.2452268975184244
0.2565921483670964
0.18675084434011402
0.18312421156203046
0.20304979033329906
0.2651431135394994
0.2384721021003583
0.16894780822536526
0.22960769976763165
0.19322152939789436
0.24295208712711053
0.1967578712193405
0.1984103175208849
0.21371186831418207
0.3419459177290692
0.2313791921033579
0.15117617762264082
0.24548601534436731
0.1819930861101431
0.21779654153129635
0.14622648257543058
0.19753255541710293
0.20921925959341667
0.2876843417830327
0.2480931428863722
0.20447054614915566
0.2162542170023217
0.22895451810430079
0.1673726969782044
0.21477225335205302
0.22844545455539927
0.25415926229427843
0.20890295527437153
0.2513756366337047
0.1949643216588918
0.22388193734428463
0.20047309381120346
0.1842212874223204
0.15693845577976284
0.16719723229899125
0.28671165435191465
0.2516865324886406
0.22657697735463872
0.2249562273568967
0.27594876398935037
0.1941304537741577
0.16461241497274706
0.2260292707120671
0.22991344464175842
0.2931089045151192
0.2893787837203811
0.2143925671630046
0.29158568185041933
0.21283814289114056
0.18620013445615768
0.1642115659573499
0.24742036225164638
0.2337142901823801
0.21946581562652306
0.18383379127172864
0.14863124785616116
0.1944973707637366
0.2029805027824991
0.18366445338024812
0.18719656447715619
0.24437777588472648
0.2663116459460819
0.27400729914798455
0.24284259032677202
0.2734450380153516
0.18608989215949
0.1675761739778168
0.21837845576160095
0.26381053271539073
0.19698920977466247
0.2140263232457287
0.17683271559722283
0.19836966014083693
0.26811781591352296
0.2513526003150379
0.2358775798450498
0.22837988550172134
0.1722290951977758
0.25508752706296306
0.1630289312452078
0.1597371286548236
0.2066225651651621
0.12373365209821392
0.30618004073553223
0.19162040817386963
0.18908285831703858
0.17826023566372254
0.26452861704370556
0.22626047384213
0.19498921602087863
0.17231053552206824
0.144823861801449
0.21765059747678392
0.2036460771718446
0.13690117264495177
0.20877818292116418
0.27974671103498516
0.2114587314426899
0.20024237935157382
0.16729029289939823
0.20097703574334874
0.21649697017582023
0.20053404109442935
0.184068677289521
0.19530490972101688
0.1677995704333572
0.18379216652144403
0.15923343664583037
0.18551270115901441
0.2208792317439528
0.21044431320008108
0.1439408398069003
0.16301987199660609
0.2530447691679001
0.17519491253530278
0.19304893976625273
0.19311058061087832
0.22999484070083676
0.19601060406250112
0.2591529194923008
0.1803673391833025
0.2901974723619573
0.19713320605018558
0.2798122857861659
0.19098173344836517
0.2427436319344184
0.1982823936816524
0.24483251221039715
0.26471611879327717
0.333802488139447
0.16575676115120158
0.15499390223447015
0.20830421631827073
0.22869884398053675
0.17619673184612217
0.10999954667161493
0.17995044917744749
0.24163871872074463
0.10128061977379463
0.21914355182910666
0.1898640452281517
0.23365845728446455
0.17667613561977358
0.1664252160664867
0.23685465029933872
0.1711183440159349
0.1654331122031983
0.21990442769054105
0.23035860762876623
0.20523752907619758
0.2217881705831079
0.21562757058178678
0.17169389895656528
0.1605283811907558
0.2404781211824978
0.18736329784288125
0.12129162043771323
0.15210713851539528
0.15034458720508745
0.14866114791263552
0.12443624984692125
0.18626881073064663
0.12648633779848323
0.21205358108615174
0.20048950831679738
0.2158704165588407
0.17042143303243554
0.19999456307029023
0.19653399562572732
0.2057660879457698
0.1934329827918726
0.13217535045217066
0.1828309499165591
0.17573665224892251
0.18465067676323302
0.17072789568234892
0.18334713786402168
0.1349152024177944
0.16431700076688738
0.22431373026441126
0.20224870697540395
0.1403835006058216
0.16253692744409337
0.15837479393710108
0.25523328879738555
0.18854203907882466
0.26826636580859914
0.1999459457309807
0.20787600515519872
0.1644881670089329
0.1446782456820502
0.2118460028706228
0.1920533261316664
0.151632382589228
0.2197621913955492
0.18093952339361696
0.14041875642450416
0.2397734497619026
0.20350360443048618
0.20503476941410234
0.18750966164995642
0.18860967676429188
0.14812020398676395
0.20427646356470444
0.18219495433218338
0.24709116448374355
0.18327684152652235
0.22685714548124986
0.27320828091572313
0.202104041024166
0.28688949675244446
0.33980944489731507
0.16601438864189036
0.15472817881142392
0.20691559923922315
0.15637673755340717
0.2457638535210315
0.23281091254423647
0.22959130892858787
0.1586679223486606
0.21507928947753766
0.3086523415849489
0.17425868397249894
0.19606605084503398
0.22747026548227844
0.27149176071671877
0.16957429533495622
0.17541173297692747
0.17241837938918786
0.28755949547185616
0.233606355593485
0.17088094583767302
0.2430270596900407
0.21038221392561407
0.18270277385325992
0.18156529261785395
0.18350467721329017
0.23451169350129716
0.16545537267537677
0.20287209223298466
0.17708459912854083
0.14169026177157373
0.1568726677009288
0.258020257248598
0.27564186230301857
0.2122485536862822
0.22330946004127755
0.1399758862441077
0.2096534954274402
0.17986338541788213
0.17106673745986292
0.21557745808625922
0.19721458238713882
0.1547376390765695
0.34361334254636483
0.19287144962479086
0.27344149000504436
0.16563611718661644
0.28243381004123125
0.22090460579184926
0.1847883250345202
0.17876501742969542
0.18244062123053215
0.13334624776068857
0.22820432352669098
0.19682524375179233
0.14408796510713942
0.15127651009927778
0.22965895033934536
0.2566328826634323
0.20678342988385873
0.20967544812489958
0.1882232149295947
0.11356378083719927
0.18847347423434258
0.17162324981216123
0.14512121063821457
0.13035543120520957
0.15540378431186957
0.14644056799657204
0.2396453642012442
0.2659200386089437
0.1767932917265331
0.14778055239687948
0.11093691550195217
0.1288824446280213
0.11808189464842572
0.1490151698098463
0.16915548001142108
0.20627817522515268
0.17747166533680522
0.17811469426926443
0.22254295197918134
0.17831152261180036
0.13080551212324815
0.2033050655222991
0.3173703807680046
0.1788696239099783
0.2267307393691119
0.16513009369373322
0.16501562264473998
0.18439840876004276
0.2613420473302112
0.19167183942216284
0.20799652925309012
0.16751829260850654
0.201162536683328
0.1712497789412737
0.2190413575838594
0.21691399319645235
0.16404846639317625
0.22655764660414526
0.17029495405800202
0.27188045334290056
0.15314358253689372
0.17178205740364158
0.2398803161785883
0.12835544446373687
0.13038720278178945
0.19595402599695852
0.1689289738150204
0.16119374937432654
0.1747701807933695
0.2556803319603205
0.16362445713842616
0.15055048564339385
0.26227515826330466
0.17809253361295252
0.16454648686682477
0.16005050478612676
0.1677796896547079
0.19382059245425112
0.2627035196432296
0.1694721329738112
0.20284801349043846
0.15694516601369662
0.1523972758475472
0.1676868575022501
0.19936300726497874
0.15607291164205356
0.2142743255723925
0.23614837733261726
0.2229516012046267
0.24563209153711796
0.2780161565717529
0.16275339299703345
0.20974858554408832
0.2617731961038183
