1.6507358828061063
1.0324691513054807
0.8746698771564054
0.743944667804409
0.7830389246974193
0.6853522488348921
0.6515238522224023
0.56749256668796
0.5239318214671712
0.5082150557091538
0.5092613478781471
0.4962278285496671
0.4619871375846191
0.44920892688170283
0.43014180964567295
0.43405938683681083
0.4525179805260309
0.41238124227859607
0.40474818720364236
0.4134526187685174
0.3972109872060762
0.38863188437592816
0.37807627609917815
0.35050828712926785
0.4505654678378307
0.40529074215553174
0.3536286134220345
0.3995435946214367
0.3618899577520263
0.32180947044365843
0.3144602941900072
0.3117900837580083
0.4040709744456788
0.37242301165218084
0.3481768856585865
0.3133745287400736
0.32679686165401634
0.3195913962390221
0.3456198909962681
0.29944241613569395
0.29403888465653005
0.33654889422403256
0.30799392217271765
0.2981175118139092
0.2744079617862131
0.2920388782947836
0.3310618192796976
0.24140350536351474
0.30911908676506766
0.29388795850772254
0.32417119834834424
0.2807854351548242
0.3045439076885371
0.2913601892724843
0.2904806992852352
0.2548790073520701
0.2923680211771542
0.31121822876829497
0.3000064904106335
0.2628765514409038
0.3646020768603808
0.31218179808536045
0.3627988414865145
0.3032855095053223
0.25247016333988015
0.26191569035741646
0.24935912081158498
0.26710936778657873
0.27724910008025844
0.22068526456788393
0.2502730925318221
0.27286604256697106
0.2660217413180311
0.26101578651389606
0.24564210837051062
0.3078101150376696
0.29014234255317234
0.2922400335820628
0.27160950453663374
0.2496095018487581
0.22078853672449017
0.25250775498193756
0.3026108474168979
0.30401071223994375
0.25366733711160405
0.2557357838246184
0.2766801462259511
0.26299537246076155
0.23832409912851496
0.2123842280830296
0.23125171716469275
0.23904911140111132
0.2538194906648616
0.20975869901898042
0.24118053207410053
0.19476539297947582
0.23439873364085043
0.2340823553869842
0.22672852671797006
0.22509865609692856
0.23689148281241806
0.21216416692125126
0.20190443696690277
0.19862024563456504
0.2036541150095807
0.2422585446177654
0.203391260664228
0.25240624278888735
0.2150136667080748
0.2292423510635403
0.2536140940952259
0.24373586654243334
0.20660969701556253
0.21368095092475414
0.2389188878710421
0.2087521729334979
0.27228539143229874
0.21458889069166823
0.2039584513543777
0.18234079930616517
0.16591453769991935
0.23184736705267092
0.2473530941708407
0.21881605150886405
0.19557157768802325
0.22779704335237472
0.17118423071388209
0.1749066871092458
0.19709639298454137
0.17360497016826987
0.22229796276808206
0.21282939982771035
0.2034947811166795
0.19934188906418185
0.1987746283018463
0.18116366394966002
0.28685578835052505
0.24838635611387205
0.1800674323884534
0.16626985340943218
0.2319451344107658
0.26603351900695077
0.2629434106294328
0.2432867402709286
0.2408414133758822
0.22313062699747757
0.19393066825791144
0.21179502980757348
0.16683052963590328
0.16189868433374754
0.19192033205968392
0.18378131664817182
0.20539200330861437
0.23132656334938717
0.26056791705564714
0.1866567028607701
0.20074634041479775
0.18863511305879538
0.19272577534364144
0.16274305421229399
0.1422450999650632
0.15131895267732545
0.1348151396861641
0.18094180917865793
0.17317802998775117
0.1512973453246162
0.13895016612196473
0.17720236353130198
0.19021762290995725
0.19175066928785872
0.15527247070846423
0.12132364179624218
0.12063195475731307
0.1902023484327004
0.16077885745276868
0.14926787547137535
0.18498430806408886
0.2238317949985954
0.22099066131525266
0.1740035575512849
0.21860761373815402
0.19862044847924526
0.21467478279496582
0.17689339436826781
0.20583196047326208
0.16794569377826762
0.2228959780973448
0.18033097300704726
0.17056113187695893
0.19912290563938065
0.13849259704403893
0.1537806249197415
0.13927216036245227
0.1781603062236813
0.1208620676541255
0.17672234422750246
0.13321018620381053
0.15774423623798597
0.14890090666357164
0.1392853223377655
0.16845500648257808
0.14135543545576887
0.17642278266860775
0.1535473008128539
0.17071693552605494
0.17284433235427443
0.12422548440731013
0.1363402836903615
0.10345412020630558
0.19880268505026757
0.12488705995263086
0.16092400755208564
0.13305420876467522
0.1846602000492874
0.1357937101340315
0.14858354093887333
0.16679572988249047
0.17730961348467938
0.20294055418098267
0.16093286825999828
0.18316408238885268
0.13233436028879714
0.1306037309736958
0.13151507790554579
0.1326694584838574
0.1440584381065056
0.14414644002599616
0.1550966416629897
0.12269832103670587
0.1558684680125558
0.13689528425342182
0.12226893517031322
0.1272471091106639
0.13657875937199823
0.1376171494296319
0.1486439692269696
0.154745001982058
0.14127115529476547
0.1470719132060841
0.14966043271124363
0.13900631482378437
0.10968329467069568
0.1455943169380525
0.12043904998785698
0.16648385670482063
0.17593100219702637
0.19257669911300107
0.1317723273909585
0.12201021321472043
0.1917019178762927
0.22599476870988877
0.22681008070103928
0.15283513237381172
0.150578641634382
0.1574493342859697
0.16237049967601475
0.1461980938977024
0.14966783343328977
0.15962446465248792
0.2054035218143967
0.16426125160602092
0.16346957950039545
0.1625337946248359
0.1646718666462464
0.17666352049014727
0.15711935753212639
0.15255900726220767
0.14246104392518197
0.11361125219469025
0.14714709282065677
0.1620359412479726
0.11704553109692069
0.1492044492559114
0.14718422641269338
0.15036910355196031
0.1371100244479595
0.16056144978969136
0.14363835278150797
0.12238874029643623
0.14154007069563204
0.11842000907496877
0.1835661535938336
0.14470056638541356
0.10805692186687325
0.14694264134339674
0.13102814477448627
0.12188550118934101
0.15373243267556103
0.11708240330376675
0.11576394382109997
0.08019608268547068
0.15010605467332552
0.1140405116307641
0.12949866141048325
0.1451359703172733
0.15618366947476292
0.11871832948420721
0.12722466573525798
0.17472103096439806
0.15057509034727765
0.15168586455639715
0.10596386807590304
0.1411454447899276
0.1380990050178887
0.11485620820566907
0.11699984715857976
0.18410737384241863
0.1253617024459076
0.13192478490790063
0.14049949252676272
0.15015962669907898
0.13842916151206994
0.16072794644188293
0.16922558829824533
0.13215564148382505
0.11685436112727497
0.1219448698209074
0.13465481725009815
0.1424011340213966
0.18093456370874086
0.19715647434186137
0.16429724204878676
0.14004624002731184
0.1501623656023556
0.13026275926820513
0.13060163193165888
0.10601169314123952
0.12244413223061842
0.09360235968758811
0.08676152031632586
0.11651293947328617
0.12798936314992343
0.11534545997905374
0.10195013227738099
0.12447057763757316
0.1282699103893476
0.12131497199634012
0.1309417046534396
0.15664001717560097
0.11870374466033495
0.16907951766690632
0.1379281503728814
0.15314525325821948
0.14721649276210705
0.14314953670640226
0.09568022614882761
0.10186259570682395
0.14629793804939048
0.1347485744512417
0.11803640193358378
0.11200310624512831
0.15443871090103362
0.1409141935135933
0.1387389726890907
0.10127965178714514
0.14140082681781127
0.15893409574653586
0.12674114638021294
0.10882658625438049
0.11328700502586722
0.09632380341399382
0.11592203007624026
0.1181251784839051
0.1717035878649716
0.1364789847858434
0.16242239328140629
0.15396687417441954
0.16341682718935566
0.09413600575775695
0.12213622248390506
0.13606806488340378
0.1343879597359927
0.1662881180650594
0.16192941743106595
0.13320414860680385
0.10301371514764418
0.1744812419146142
0.1529264025173714
0.0959353304228706
0.11902185950123272
0.09721584162760107
0.13128297087739707
0.08373120646189217
0.1404496449649229
0.11957529490620133
0.1348905188218415
0.1641960605506746
0.10725692741189179
0.15165166158727567
0.11110632105740312
0.11605884000317941
0.10632853164226079
0.10661807342294709
0.107920127757661
0.1327104771913121
0.18734898932383093
0.12831353357481495
0.14866322351940972
0.09740119277496337
0.09665398543756323
0.1387235913458477
0.1330462759926351
0.13371211332170635
0.1112269635105663
0.08492413406427556
0.13153316051876304
0.1439478654991573
0.14089171472169512
0.13043610055924354
0.11812356413706061
0.12136414721706541
0.1276095423422767
0.08321347464823728
0.18932047094592275
0.11223590330952044
0.14378473069436823
0.14464383925521143
0.13257159681131564
0.1274285410681713
0.11767082381665601
0.08748733106685776
0.15822149310949665
0.14236346971650254
0.1654183412360972
0.1309890537358768
0.12442690228328476
0.10259844170486503
0.14464545828244374
0.12637212637624978
0.12521967821439703
0.11284009034542078
0.1411305730539361
0.1083599826989984
0.11347385879497791
0.10057039555116282
0.08040653517458286
0.09695396665811644
0.11421830552256286
0.08997902395875967
0.13523693663038602
0.12309649599302874
0.11238473567711584
0.13131013506872605
0.10197666965254491
0.11709748497511535
0.13606449687184477
0.1253866125234324
0.15897208031981816
0.14941535884363602
0.11645606750356768
0.12628330359674833
0.11590768203457398
0.11803068015002974
0.14059249949182423
0.1577632333066734
0.1268673553393865
0.1321905760101082
0.07991801655989035
0.11078367900869049
0.12870086821347054
0.1418622805553318
0.09457986462618631
0.133088399844677
0.13482021221818902
0.10952229826206106
0.07571369163941225
0.10095631158386002
0.09497004885285516
0.11945601596503558
0.09894864658766071
0.1438342414330691
0.14099413863281576
0.14956650290962858
0.18013254743935148
0.10043234746283393
0.07770252361291902
0.1365179929736359
0.13129369957654566
0.12598030203641852
0.1136137271159768
0.0999943771289701
0.1065277082306123
0.08641814363589116
0.1254789366872168
0.11025403126825015
0.14782089818413305
0.08887157024910779
0.13244735719849238
0.1338380167783815
0.11008267153323378
0.15110472747465778
0.10781410051112943
0.11248471650367105
0.13015243204795873
0.09728678219548335
0.10867793207519202
0.12643219820800905
0.13007255535553092
0.10999705286575219
0.09645036771372092
0.17604272855235867
0.142433940615787
0.13783864724994177
0.16065227882575872
0.12466786953810813
0.14483894604835396
0.15498965073124388
0.0995824138501095
0.13282913404834967
0.1255322756478563
0.07312040913540174
0.14624825862160898
0.08908798837129184
0.07039029900481412
0.09572537150479932
0.10598000394824801
0.08751295024629938
0.09593869596031088
0.1441415000971715
0.09335402846885649
0.11106430743345466
0.08760372746832551
0.10474803419923082
0.10811308838843539
0.1360057999058561
0.09838993850403505
0.09732811546205661
0.12947703542968284
0.1076682169870867
0.12909759452704236
0.1278271297243765
0.12549985675337974
0.10327735160351206
0.12280602599526952
0.10005644603524173
0.07164986205900507
0.13289611724666056
0.11536157153330376
0.11272517322319967
0.08557443792848113
0.09736590393659869
0.08521005914843327
0.09369343647636591
0.1255003676518575
0.11252811595774584
0.11205197742018638
0.1383224398719186
0.0916302564966289
0.12474123320729197
0.0877236600274148
0.08988450546412807
0.09347773637437314
0.092492955344939
0.09627443844203273
0.06361985069590549
0.11526470251576516
0.14645184371062936
0.12913918570930163
0.11310092236479403
0.11645340743068029
0.17785907910257892
0.11356701908475707
0.1198425771443921
0.1334841586272298
0.08532597402251706
0.09592419070385161
0.06975517940050004
0.08524572280888171
0.09722711087916125
0.1326738463921315
0.10243978251663732
0.08390559179136123
0.08546525511470898
0.09820520691081724
0.17913453864969942
0.10214523768993619
0.13529200470534114
0.12145716730426524
0.11442344905447845
0.12256302507954951
0.13857208960033743
0.10082504012323522
0.08914207054743163
0.10871265434437025
0.11448732136689703
0.10144535334113473
0.10376811553732308
0.0821856545154448
0.09515601713177552
0.10981677605362254
0.10685543631429745
0.08629266808484189
0.10830650266266467
0.09892862781219866
0.10881891548076093
0.12444392615981714
0.12700286120320606
0.09449589154502691
0.09792005355899472
0.14031170343678498
0.08297630892058139
0.10867654320924923
0.1400662371085327
0.10691086003560127
0.1279542734912059
0.1656539358598718
0.12161505241750438
0.09480309747052904
0.08291251348449626
0.09721186594229231
0.09807545553403414
0.09878781629877138
0.08492459187101291
0.09051546723168657
0.10378428707948663
0.15801668174164762
0.18168063506051163
0.13116643592079077
0.09009957402939646
0.07496108697533843
0.15436086766618554
0.1243980591100129
0.09332677136867268
0.09242233108896368
0.08636548014974195
0.10138708562918113
0.1067654837568907
0.12353183538407009
0.09526790308308604
0.10567472069065126
0.09628034180848413
0.07994537664172371
0.08167716763560286
0.11629183511052962
0.12356754661534428
0.0885597350349253
0.10936415336434205
0.12403831503954126
0.10441873355073408
0.09373977491845259
0.12385892137740805
0.11638171823357533
0.14513996235032658
0.15107750702603445
0.11400153118015176
0.11588027293656127
0.09230631052165515
0.12141132596175147
0.12511067928067526
0.09152163429026702
0.09049249677115422
0.10024822052013994
0.12937450550027638
0.11832455129028153
0.08375329791296038
0.11328740092117379
0.09621202869752331
0.11914542797972566
0.09765706400708361
0.09750694361462875
0.10489588851497744
0.16795414534125241
0.11304412841711613
0.0754387411850498
0.1220058472581129
0.08931724264197917
0.10871138722507913
0.0715363381476007
0.0968599304328115
0.10269411792896661
0.14300278970778224
0.12310065937877804
0.10092484431864339
0.10606103299618502
0.11132861221410846
0.08239272416161018
0.10432094672996499
0.11324719558502744
0.12609602373444254
0.10192901354519204
0.12306425739555213
0.09621805840411263
0.10916232988877798
0.09764957467719591
0.08949608500664857
0.07761178961479512
0.08217528751070782
0.14479699830236045
0.1230983792551675
0.11333930552494384
0.1106712118465073
0.13591905775099572
0.09503745434323693
0.08007182678393036
0.1112066188935374
0.1123098382040937
0.14845280544701175
0.14287389784438115
0.10463125226137057
0.14275475137073443
0.10549616052614998
0.09155832228585291
0.08234721812186763
0.12185334837274023
0.11680251450858302
0.1067058057462777
0.08982441785317373
0.07341236476708551
0.09462112432606452
0.09850159830095666
0.09082382345370436
0.09183762788208542
0.120136190391913
0.13154496607521524
0.13561654577612167
0.11847006561870778
0.13346903135304825
0.09061677164880191
0.08199417398968699
0.10615668769738912
0.12781416474305368
0.09585863273405522
0.10532981123771964
0.08580996238456017
0.09644893650949316
0.13225072309125582
0.1229631305814878
0.1167082911813107
0.11112588474979546
0.0840604353596089
0.12404039676438912
0.07972931370186671
0.07777644296522698
0.10111632714954756
0.06051320814331633
0.15034743973290102
0.09331945529122325
0.09161171887986506
0.08684941568218407
0.1295084676444596
0.1099543400780252
0.09534983049986333
0.08352849604688999
0.07123202358312662
0.10618329470695168
0.09989143969018904
0.06762443164721768
0.10344379085270215
0.13648731697803285
0.10293760107712112
0.0978691457454312
0.08116711369608234
0.09813654129631148
0.1047444117749864
0.09707735420055491
0.09008414625775554
0.0955043169792781
0.0817124777767417
0.08957246011352613
0.0780744290128547
0.08975913147868353
0.10708142967991413
0.10297261420014302
0.07005704566016531
0.07909187427057858
0.12398040371218985
0.08573645690306825
0.09621380125852892
0.09439428013742862
0.11201680126488471
0.09635056773754834
0.12690185671213122
0.08850645337829327
0.14094490369021054
0.09789373873713308
0.1386644762996453
0.09461805333209579
0.11902638455372448
0.09722549406136058
0.12074041335915649
0.12950546609346006
0.16305071977786983
0.0809631348769164
0.07888456304560901
0.10144999339679768
0.11132181353020994
0.08597292461962125
0.05373427506682175
0.08793327773422738
0.11778254394171904
0.049982168697374936
0.1067868755973751
0.09298620646299703
0.11447525826409052
0.08641154278118104
0.08157104023356765
0.11533489980707011
0.08307977144923684
0.08089023704589739
0.10684521707729108
0.11199723166728419
0.09927341652788962
0.10773010768035662
0.10494784410865846
0.08372690890994396
0.07823244467357987
0.1163212900358649
0.09177584819164468
0.05980857079651889
0.07398416636838384
0.07327226848480076
0.07257159439023768
0.06168855726749646
0.08999469258365858
0.061829509600627226
0.10330008275718362
0.09734389724121363
0.10506428674238072
0.08329564109067499
0.09754307971468759
0.09604744192312839
0.10135730723301145
0.0935700669869105
0.06548119884195022
0.08942024039783397
0.08555616756583873
0.09078980848200548
0.0833177618693862
0.08912033705154768
0.06600002867795206
0.07994228412711199
0.1092029227153726
0.09834855495875006
0.06904419411722289
0.07885515574172375
0.07695909777771383
0.12420434940567004
0.09137835198952685
0.13167143361782327
0.09658441073212012
0.10056218448132735
0.0801676642592393
0.07124591904342285
0.1038960214629671
0.09395977488061426
0.0736116648304873
0.1068113894910145
0.08827632125163726
0.06881093465014768
0.12057395743183189
0.09895374093731066
0.10037031985653735
0.09100635580039701
0.09274228304603242
0.07223556868950869
0.09925918044927398
0.08923168295156539
0.12080024211121473
0.08990068636645242
0.11282163651243612
0.1345652302950096
0.10005008880562201
0.1420099397048905
0.16762295069376296
0.08163853802387833
0.0770742647781473
0.10142517360775817
0.07656827148129593
0.11969338921038106
0.11313930385714088
0.11405617237610834
0.07865704923276265
0.10469549657649059
0.15010929689209737
0.08533681312766137
0.09559090802377142
0.111183462461578
0.1331066357174357
0.0830618914782027
0.0867164931747846
0.08446634322417979
0.13991958128852428
0.11403716849958406
0.0858513413839088
0.12007188573512445
0.10285676955073272
0.08912581399133966
0.08885686766211941
0.09024285943727796
0.11508720860124605
0.08049549247034904
0.09850733945372475
0.08712556092953966
0.06891888938290822
0.07639358009246151
0.1250028126048331
0.13451106806407015
0.10453249435604577
0.10842572315760009
0.0689779080939971
0.10214838302246636
0.08822617174739437
0.0835009749114274
0.10740352590719211
0.0976709028005823
0.07571243530821423
0.16772913853195168
0.09386235757806326
0.1336086831964769
0.08118334347726515
0.13858068393769635
0.10809233460516314
0.08955723099602374
0.08688707827138682
0.08897602650489408
0.06545884346361534
0.11315604727092186
0.09656040840716638
0.07199851428052004
0.07561086871887518
0.1130116893766402
0.12606136394299003
0.10099392642781899
0.10209684169967659
0.0923076346168183
0.05582573069554662
0.09214524570016296
0.08414896851029201
0.07088661370223018
0.06435282706784357
0.07562564127290668
0.07119113932286625
0.11818310188565692
0.12987880087146064
0.08733182211945975
0.07299529778251333
0.05483202037276884
0.06325696725836909
0.05744730604132662
0.07298987330432283
0.08217331244524988
0.10210091932053665
0.08679678867584173
0.08715363352294703
0.10839612465405109
0.08645926805378698
0.06381059633949149
0.09867652672675806
0.15556352727015135
0.08713510643070216
0.11107133011723881
0.08093970246511777
0.08070602460783205
0.0897962245503998
0.12963279519020252
0.09464557898685035
0.10176442125172709
0.0817024359454132
0.09862102656444849
0.08385607621876005
0.10756512602191078
0.10521275207890578
0.07960210758971352
0.11064662230668366
0.08359009655467955
0.13528541273939174
0.0752356919604698
0.08371182092572857
0.11620991349648226
0.06468813378805734
0.06384260178597735
0.09570847538588437
0.08190112257077896
0.07940522247720853
0.08645085895738998
0.12453732980065979
0.07944216784401338
0.07328629536221368
0.12840638488849204
0.0870079052522631
0.08191692590665131
0.0784455608864705
0.08298871160503707
0.09461125447603376
0.1274751357768636
0.08336413019065397
0.0994413740552542
0.07789534003872253
0.07472194139361972
0.08272155537433974
0.09765805568116467
0.07548737768690482
0.10476217326473668
0.11420951097052623
0.10918462045349732
0.12054601356066996
0.13624854337811
0.08002004655087072
0.10181462719905744
0.12764006765095295
