3.3087733109792072
1.9601835489273072
1.7414689540863038
1.6326216777165732
1.4723703781763713
1.357328756650289
1.2769823789596557
1.121714464823405
1.1923660635948181
1.0773966630299887
1.0749909241994222
0.9382504860560099
0.9567336281140645
1.0970050692558289
1.0564738154411315
0.9091601451237996
0.9593394120534261
1.021344820658366
0.840192953745524
0.9239656488100688
0.8721063176790873
0.9604125817616781
0.9020144621531169
0.8686176776885987
0.918692942460378
0.8700936277707417
0.929111917813619
0.9104757189750672
0.8213771899541219
0.7679393370946248
0.8133014281590779
0.7244455973307292
0.8294162074724833
0.8791468660036723
0.7825345357259115
0.7462556680043538
0.8156360983848572
0.82674693663915
0.7969861348470052
0.7946608066558838
0.7410564700762431
0.6786982297897339
0.6945811867713928
0.5752930164337158
0.6580721537272135
0.6365478018919627
0.7272536675135295
0.5989249050617218
0.6614881296952565
0.6486964682737987
0.7920242269833883
0.709460171063741
0.6083372831344604
0.6985871096452078
0.6510492662588755
0.6157709201176961
0.6150300840536753
0.6608190794785818
0.5377745787302654
0.7646484931310018
0.6873034636179606
0.7640746553738912
0.6143011132876078
0.5828137735525767
0.627150156100591
0.5563989440600078
0.6527254025141398
0.6088156362374624
0.6853389124075572
0.648013836145401
0.7004747807979583
0.5836581548055013
0.6758720119794209
0.6504135568936665
0.6855376879374186
0.5872829218705495
0.4888390481472015
0.7267661809921264
0.5905948440233867
0.6140030880769094
0.6109078208605448
0.6574565470218658
0.5617902199427287
0.6621882836023967
0.5461992442607879
0.4803514023621877
0.5318918526172638
0.6366904775301615
0.508634752035141
0.48367817600568136
0.467540043592453
0.5396347284317017
0.5241692145665486
0.47801925738652545
0.5023254056771597
0.5873201370239258
0.4950972855091095
0.7553591986497243
0.673622993628184
0.7262206554412842
0.6004940629005432
0.6410168031851451
0.5016256173451742
0.5089705924193064
0.5739645918210348
0.6220559497674306
0.6010664661725362
0.5804595251878103
0.6516633868217468
0.6459621926148732
0.5943943281968435
0.49122578303019204
0.5355681379636129
0.6730029503504436
0.5300437092781067
0.45406612555185955
0.5700893441836039
0.5218539873758952
0.4794910967350006
0.41798635125160216
0.5276468733946482
0.4670251488685608
0.4173164705435435
0.4680931826432546
0.3927629788716634
0.4728212833404541
0.45416393081347145
0.5373822311560313
0.567541754245758
0.4863611658414205
0.46185182134310404
0.44524958928426106
0.46843517422676084
0.4562161107858022
0.4318614741166433
0.5328623175621032
0.5244030833244324
0.43276060223579405
0.54166938662529
0.4187740385532379
0.429531333843867
0.4134048660596212
0.3645499020814896
0.3672530094782511
0.41644068956375124
0.40336291591326395
0.41116026242574055
0.35843411485354104
0.6996255099773407
0.5141469260056813
0.43695602218310037
0.532418566942215
0.4189530928929647
0.724748682975769
0.5700709184010824
0.5651127417882283
0.5783724943796794
0.5799181620279948
0.726986575126648
0.4942479352156321
0.6378666758537292
0.5404028554757436
0.5491895655790965
0.587816431125005
0.5215378741423289
0.5192615211009979
0.4945642868677775
0.45062694350878396
0.3570554455121358
0.4951090395450592
0.5379783352216084
0.4954870720704397
0.4345635950565338
0.3768911063671112
0.4067558964093526
0.5186500509579977
0.4454706092675527
0.48557887474695843
0.4629238347212474
0.4316672126452128
0.4604567110538483
0.5254691938559214
0.5321829557418823
0.43154218594233196
0.4287826399008433
0.5000239650408427
0.564638469616572
0.5745898087819418
0.52761865456899
0.5223467350006104
0.5079146484533946
0.624986590941747
0.41688777605692545
0.4425867299238841
0.5116718629995982
0.3814251403013865
0.4501385430494944
0.41560858488082886
0.4840929845968882
0.44368799328804015
0.4158826092878977
0.5225909193356831
0.43692572315533956
0.4477379709482193
0.42309311429659524
0.5100862453381221
0.3103635330994924
0.3310204396645228
0.4459223518768946
0.38929326136906944
0.39677003224690754
0.3314174989859263
0.43062929014364876
0.45637811720371246
0.387259441614151
0.4893571039040883
0.5331684291362763
0.43771713972091675
0.35514471034208933
0.38269629577795666
0.5941209147373835
0.38244653145472207
0.3435382544994354
0.4654682517051697
0.3811567316452662
0.39712478319803873
0.44253261387348175
0.3631541202465693
0.3760215163230896
0.520466148853302
0.34885857105255125
0.38716079394022623
0.4318375517924627
0.292589345574379
0.3424914687871933
0.3095287948846817
0.5414765318234761
0.3187984844048818
0.5480097572008769
0.3201619267463684
0.31711754500865935
0.577717540661494
0.363841970761617
0.492820547024409
0.3449487020572027
0.36380052169164023
0.3729658881823222
0.27307747304439545
0.25321507652600606
0.3636810859044393
0.24990976651509603
0.3139488776524862
0.5036353309949239
0.516831420858701
0.45560348927974703
0.3079667111237844
0.4397161781787872
0.5003082682689031
0.466423233350118
0.44252696832021077
0.3975125004847844
0.3224864900112152
0.2817130535840988
0.30928345521291095
0.30291906694571175
0.3200660636027654
0.3115728398164113
0.41972150405248004
0.3242051382859548
0.4125721474488576
0.3229277382294337
0.38832811216513313
0.32638985812664034
0.2714411010344823
0.3653647591670354
0.3423817644516627
0.3461076726516088
0.5377242416143417
0.3614189346631368
0.3589688589175542
0.43761331935723624
0.3913534293572108
0.357583212852478
0.3469184140364329
0.27812437613805135
0.3399068574110667
0.32159240543842316
0.395829576253891
0.2738970150550207
0.2567711363236109
0.2695195247729619
0.2828849236170451
0.2593211203813553
0.37098554770151776
0.40848981638749443
0.2785318046808243
0.41552846829096474
0.3229561040798823
0.3704708993434906
0.48599741955598197
0.37197924256324766
0.2630767951409022
0.3770800163348516
0.32811952034632363
0.2430967430273692
0.2771915555000305
0.49120894968509676
0.27190504868825277
0.38048202991485597
0.4901368170976639
0.32405591309070586
0.28901031812032063
0.3063938240210215
0.33461370567480725
0.3774092455705007
0.39338142176469165
0.4104298025369644
0.30848179558912914
0.38650626639525093
0.3873560349146525
0.37040011684099833
0.34538459181785586
0.39788412153720853
0.4732705563306808
0.41819611291090647
0.28181166350841524
0.2568260153134664
0.1989599992831548
0.28587078948815664
0.3006953785816828
0.3651017228762309
0.381120037039121
0.23998494843641918
0.26018317639827726
0.2190917894244194
0.19025811304648718
0.3097998023033142
0.19267752567927043
0.25133767624696096
0.33360307763020197
0.23690111438433328
0.3099757800499598
0.47487702816724775
0.324174157778422
0.35902160704135894
0.2462732672691345
0.37928964495658873
0.28339884281158445
0.24159515897432962
0.39254494110743204
0.29073178470134736
0.25886649787425997
0.40317499488592146
0.34471368392308555
0.4888584266106288
0.6616771042346954
0.42283525864283245
0.4006137470404307
0.47206242084503175
0.31393315096696217
0.3290831595659256
0.23552625278631847
0.40530607601006824
0.43028524617354075
0.26431981722513836
0.3909257650375366
0.23813207944234213
0.4038882752259572
0.31453822950522103
0.2765514632066091
0.3187715629736582
0.3028774211804072
0.36429756283760073
0.3118794322013855
0.3583758493264516
0.3162920077641805
0.47866164743900297
0.3461929519971212
0.5017529914776484
0.4419333090384801
0.3577962507804235
0.3409304062525431
0.4499056686957677
0.39424355526765187
0.27137852609157564
0.4662082920471827
0.2946397244930267
0.234219624598821
0.28134709000587466
0.356344581147035
0.2121951272090276
0.25511431992053984
0.2413504759470622
0.2943286463618279
0.21837603797515234
0.25186078796784084
0.2544538925091426
0.24690950860579808
0.2918142189582189
0.4227214202284813
0.453777023156484
0.23439750770727794
0.2654047871629397
0.2082466130455335
0.19034213920434315
0.1867115979393323
0.4819379905859629
0.3757415056228638
0.41534374058246615
0.2782307247320811
0.36574937105178834
0.3714462081591288
0.21920211911201476
0.22141534636418025
0.17292126665512722
0.5002771670619647
0.44631864726543424
0.30742533107598624
0.3253682975967725
0.4177011330922445
0.3928884575764338
0.3194529016812642
0.3386770933866501
0.24494588673114776
0.22545823752880095
0.23956912358601887
0.4154192825158437
0.21470379531383516
0.289788456261158
0.2637299944957097
0.211502701540788
0.19168812185525894
0.3038409069180489
0.41989048769076665
0.27884176969528196
0.21680348267157873
0.2827237750093142
0.25825360864400865
0.37065150737762453
0.22145402977863948
0.36939837286869687
0.22326181580622992
0.21255875676870345
0.2206332410375277
0.19565831820170085
0.18299879829088847
0.39269853085279466
0.26435542354981106
0.3440600285927455
0.33952493717273075
0.26435523579518
0.2163935606678327
0.16192382723093032
0.2482137382030487
0.2231136401494344
0.23584134330352147
0.21947708030541738
0.16168334434429804
0.20724997520446778
0.22373313705126444
0.3251292561491331
0.2507411792874336
0.22750173956155778
0.17512432883183163
0.3709087053934733
0.3081054459015528
0.28215828190247216
0.35627142190933225
0.24122631847858428
0.2234676296512286
0.29983656108379364
0.2004646897315979
0.3423652822772662
0.23853784253199894
0.22983718464771907
0.3056001042326291
0.36505202849706014
0.29869404137134553
0.19323628048102062
0.4098658521970113
0.2561456228295962
0.2563771948218346
0.32529587199290594
0.28755666414896647
0.3557234371701876
0.40041802922884623
0.2588550051053365
0.14210117409626644
0.1873696451385816
0.33264999638001125
0.3165405660867691
0.17325082619984944
0.24271155546108883
0.23822355618079502
0.2000585044423739
0.2595068608721097
0.4414514183998108
0.26714388728141786
0.24733401238918304
0.2710626448194186
0.2226359675327937
0.24122687578201293
0.22819394767284393
0.2761024276415507
0.20610648443301519
0.18144388993581137
0.1613010639945666
0.39286000033219654
0.25788882970809934
0.5829307059446971
0.28649210731188457
0.37604694267114
0.20621879796187084
0.39184408088525136
0.26903563042481743
0.2189700206120809
0.2604351580142975
0.18972431470950443
0.3039672806859016
0.22219010690848032
0.40347833136717476
0.3736763929327329
0.40500635504722593
0.26875964999198915
0.28633038302262626
0.34184306959311167
0.2734044725696246
0.2527868315577507
0.24030909885962803
0.1577929918964704
0.3528952866792679
0.30957353015740713
0.21715085605780285
0.21080483098824818
0.2146413470307986
0.29119886408249535
0.2714576110243797
0.2607289254665375
0.31731882244348525
0.32994790325562157
0.2562560578187307
0.4044232487678528
0.23132410446802776
0.29944832672675453
0.24523871491352717
0.24556865791479746
0.2604658270875613
0.2021363005042076
0.3775957961877187
0.17571628640095394
0.26071968028942744
0.294437671204408
0.29120370546976726
0.1908843035499255
0.17940769294897715
0.1931410958369573
0.22097928076982498
0.3022439658641815
0.21241702884435654
0.29220042874415714
0.29860569139321647
0.2635203242301941
0.3118844216068586
0.26636939744154614
0.32648787697156273
0.21760891228914261
0.2521497974793116
0.2193366378545761
0.23641201704740525
0.2851123005151749
0.234394371509552
0.1672240118185679
0.2851466596126556
0.21575630853573483
0.21865942378838857
0.18616265704234441
0.19661530057589213
0.1562933087348938
0.1511173499127229
0.2069865678747495
0.21574683586756388
0.18154997477928797
0.1281346509853999
0.14984809905290603
0.143538964788119
0.2548908767600854
0.27492518723011017
0.36297470331192017
0.21970914999643962
0.2712661455074946
0.2513951525092125
0.24306478848059973
0.20815527041753132
0.19974936346213024
0.22983691096305847
0.15642733027537664
0.27653470635414124
0.1854345440864563
0.2580770840247472
0.24221073190371195
0.12541043311357497
0.2557080348332723
0.20669472565253574
0.2521539583802223
0.11991889302929243
0.18934505457679432
0.18925206015507381
0.19116264681021372
0.10906647468606631
0.12196153228481611
0.124516794582208
0.22759280105431876
0.25734565829237305
0.1437153975168864
0.13671977122624715
0.24974910964568456
0.2342616895834605
0.26712351888418195
0.18833130846420923
0.18319965402285257
0.19467414766550065
0.20159149517615635
0.2630103078981241
0.21138709535201392
0.2565545270840327
0.2596005255977313
0.21678224404652913
0.3065624992052714
0.2589055344462395
0.23035365889469783
0.1349483554561933
0.19102077260613443
0.23581996088226637
0.18983810345331828
0.14901518349846204
0.11562588090697924
0.08779680579900742
0.33732336610555647
0.4224918509523074
0.39158026278018954
0.43577658832073213
0.2582700376709302
0.16653983294963837
0.1482104554772377
0.19991456121206283
0.18341361035903295
0.11345384096105894
0.4461637854576111
0.33861686786015827
0.25381325334310534
0.30195838858683904
0.19813348750273388
0.18843600725134213
0.22917024567723274
0.1694228028257688
0.38947264005740484
0.17787359654903412
0.28945483366648356
0.12528680165608724
0.2353883107503255
0.1830718864997228
0.17103970994551976
0.26137959907452263
0.33199132333199183
0.3310771346092224
0.24012142370144526
0.19568263838688532
0.30391019135713576
0.16956568708022435
0.21795313383142154
0.2176689182718595
0.22553752263387045
0.13237017765641212
0.22562225262324015
0.2610223521788915
0.140635746717453
0.2925285011529922
0.2137167289853096
0.25046079804499943
0.20325853526592255
0.1945041333635648
0.28005644083023074
0.21351390679677326
0.3278559535741806
0.2307915856440862
0.15831834475199383
0.2450659270087878
0.1484626218676567
0.22217632035414378
0.20525907923777897
0.1400018828610579
0.16322522312402726
0.1834084413945675
0.1571569172044595
0.1459600436190764
0.17079134980837504
0.23013400907317796
0.17313188662131626
0.18576126197973888
0.14294262280066808
0.13970134059588116
0.13333858822782835
0.19028109113375347
0.06800719052553177
0.19424482087294262
0.1421767661968867
0.41721492211023964
0.28214905013640723
0.10501069997747739
0.1616098962724209
0.2659000627696514
0.2443398912747701
0.22423747355739276
0.19974793444077174
0.15955299511551857
0.12158465708295504
0.3053975649178028
0.33101218988498055
0.19093110859394075
0.14742521593968075
0.359665808826685
0.10234270518024763
0.20162537544965745
0.07550724943478902
0.21931450714667639
0.32418709695339204
0.2969774474700292
0.15475683361291886
0.24890058984359106
0.2686391477783521
0.20474261691172918
0.25811063597599665
0.19661052351196606
0.11514542525013288
0.20324771503607433
0.1955263425906499
0.14605074326197307
0.17863456010818482
0.11615563879410426
0.13638055125872295
0.10934374382098516
0.25320686052242913
0.13696430871884027
0.27062188014388083
0.1851805604994297
0.26886161863803865
0.15505782763163248
0.25181249553958573
0.35677683701117835
0.19198090583086014
0.2655057817697525
0.2110721379518509
0.2747594267129898
0.16551705300807953
0.1818640316526095
0.21634117091695468
0.2579245127737522
0.17056170205275217
0.1758330722649892
0.3052172263463338
0.238649250070254
0.24094819525877634
0.36066058576107024
0.2028499553600947
0.24669432193040847
0.23548371692498524
0.1405188500881195
0.2811125266055266
0.17160884886980057
0.26997233654061953
0.20125232885281244
0.1407263159751892
0.19155831808845203
0.23535910074909527
0.26813067744175595
0.21955346365769704
0.2497872918844223
0.24751679822802544
0.18414621353149413
0.2033690651257833
0.10697186067700386
0.2430945207675298
0.1468609854578972
0.1483037273089091
0.2830062297483285
0.22092961346109707
0.1945319689810276
0.21915499170621236
0.18473604520161946
0.16412077248096466
0.1712287984788418
0.15218424846728643
0.08580983902017275
0.17029420559604963
0.13551545043786367
0.17233812535802523
0.15588636298974354
0.08858847717444102
0.19866873535017174
0.2059264950454235
0.2162937678396702
0.14410052647193272
0.2456205149491628
0.3136089858909448
0.265680767595768
0.2374955375989278
0.3927177938322226
0.20463068435589474
0.20670573686559995
0.17360761960347493
0.21511157353719076
0.16153953621784847
0.20214349503318468
0.17135625605781873
0.19759203667442005
0.1245169127980868
0.24638526091972987
0.1628229148685932
0.2222808952132861
0.2060955561697483
0.25874629815419514
0.15441303725043934
0.15227782477935156
0.11277038926879565
0.29826063439249995
0.425501882036527
0.2971778412659963
0.3809032991528511
0.48769473830858867
0.2921394680937131
0.2761902044216792
0.16273487706979115
0.2923757170637449
0.2779622475306193
0.22650126616160074
0.2617191622654597
0.13129989306131998
0.11069549843668938
0.1796511059006055
0.1506986953318119
0.15799215299387773
0.2600301201144854
0.10795952702562014
0.17383043915033342
0.30207108035683633
0.21080026204387348
0.1823752425611019
0.2949916211267312
0.281932199994723
0.12179986735184987
0.2557593447466691
0.19340794210632642
0.20036217123270034
0.17074790298938752
0.14294916465878488
0.13630544592936833
0.11299844235181808
0.18854896364112694
0.25776914606491724
0.20002875328063965
0.19400248353679975
0.13557045633594195
0.18423696160316466
0.25944456532597543
0.23024268175164858
0.1424834154546261
0.31376898239056267
0.1497255211075147
0.2851105615496635
0.19438993732134502
0.2404792512456576
0.15484940533836683
0.2127559502919515
0.18093627815445265
0.18019111230969428
0.2251617300013701
0.2940648630261421
0.258653716246287
0.1160659670829773
0.2150041771431764
0.290482422709465
0.26430427556236585
0.242466056595246
0.24245162159204484
0.29303866624832153
0.2039880633354187
0.16050566335519154
0.23961902782320976
0.15509169548749924
0.11520275647441545
0.07161533770461877
0.19621414095163345
0.28574832156300545
0.15923367192347845
0.1951231064895789
0.20397004758318266
0.29995347087581953
0.15519002228975295
0.12754754597942033
0.15025950372219085
0.20258813947439194
0.08283870046337445
0.23019362340370814
0.16215553209185601
0.23980371902386347
0.11817095453540484
0.19160938325027624
0.11602689449985822
0.33014082436760267
0.2352247747282187
0.1920817603667577
0.30167171731591225
0.31306211998065314
0.23125725934902827
0.3074683666229248
0.18138338203231494
0.12697856004039446
0.29334227591753004
0.24864317427078883
0.2701395814617475
0.17310252835353215
0.1116969513396422
0.25658914347489675
0.16177208870649337
0.15409617846210796
0.11901174684365591
0.25960922117034596
0.16698272799452146
0.09729383861025175
0.24940437798698742
0.2069335959851742
0.11562955255309741
0.19363266304135324
0.15640652626752855
0.2739568270742893
0.14702576498190562
0.16979237844546635
0.2564919739961624
0.07647060304880142
0.14231743228932223
0.08993073354164759
0.13730891272425652
0.13921604057153067
0.17592085798581442
0.08435445949435234
0.1481798813988765
0.3015912376344204
0.2312861867249012
0.24391940931479136
0.18941656599442164
0.1138209489484628
0.08594853381315867
0.1641801012059053
0.17549172677099706
0.2898660312096278
0.21532599578301112
0.1232234554986159
0.19282738268375396
0.1586686372756958
0.1650798204044501
0.19674887706836064
0.13695803582668303
0.1540720966955026
0.17293761943777403
0.13536039739847183
0.1637635536491871
0.12717491338650386
0.12694667937854925
0.4904967260857423
0.30612574219703675
0.3057340070605278
0.45143051296472547
0.2433831180135409
0.22807395483056705
0.16966164583961169
0.16089094132184983
0.17164759437243143
0.21781205932299297
0.16220028027892114
0.08968542814254761
0.2469296080370744
0.3048093686501185
0.2759561263024807
0.2502925323943297
0.1383109653989474
0.23025085031986237
0.1319026271502177
0.1942815656463305
0.15453081081310907
0.11231926505764325
0.4068896355728308
0.5039362366000811
0.20523527065912883
0.1446441074212392
0.27420957535505297
0.2919662142793337
0.18648391167322795
0.13063982153932255
0.2750741290549437
0.155586493263642
