2.080694393678145
1.3681577812541614
1.142579239064997
1.020283003286882
0.8653925993225792
0.8162547588348389
0.6738760222088207
0.6020016431808471
0.6095388645475561
0.5232634709639983
0.5253024551001462
0.46616176908666435
0.47956489568406885
0.5657430952245539
0.5681234701113267
0.4616449778730219
0.4994342096827247
0.5282284121621739
0.4028898011554371
0.46406574357639657
0.4353733377023177
0.49899534447626637
0.4496052219109102
0.4412233515219255
0.5069317847490311
0.43156443617560647
0.42778074578805403
0.42078449400988494
0.41434394419193266
0.37741360691460696
0.3926054307005622
0.3451818829232996
0.39585460830818525
0.4694477005438371
0.39563725726170973
0.3600038082762198
0.4237444883043116
0.47816171185536815
0.41997931437058883
0.3939790414138274
0.37135127024217085
0.3380745210430839
0.34075517654418946
0.2786093898794868
0.3409013125029477
0.31368846066973427
0.3628317112272436
0.28280744539065794
0.33603510694070293
0.3274101959033446
0.4189853036945516
0.3358955659649589
0.29558904536745767
0.3511376635594802
0.3190437617627057
0.2966564251617952
0.31718416281721806
0.3232330100102858
0.26993897557258606
0.4404768488623879
0.32488293566487053
0.40346881449222566
0.30254086689515547
0.27543668056076226
0.3396160808476535
0.2734691951762546
0.34258221103386444
0.30802719538862056
0.3425784212621776
0.30876474976539614
0.34810639050873843
0.2801901092583483
0.32476153509183364
0.30616733946583485
0.3373834977095777
0.30847165151075884
0.25525886700911954
0.40708513530817897
0.30501501113176344
0.29471200528469954
0.3288906678557396
0.31854440732435746
0.2898711029778827
0.3309377285567197
0.28840438967401333
0.25015223757787186
0.2863421230153604
0.30773230249231515
0.25816801258108835
0.24625732668421485
0.23182285184209997
0.2878482867370952
0.2903349274938757
0.26562276685779745
0.2855591910806569
0.33161958103830164
0.2463809847831726
0.34624926474961365
0.3275755391879515
0.3987613434141332
0.30434709882194344
0.33472310643304476
0.25956136773933064
0.29195285574956376
0.29827422052621844
0.2967799262567
0.2854117737575011
0.2978347438302907
0.34010205553336575
0.3359896579926664
0.2960471043532545
0.2736439733342691
0.28657581982287494
0.3501571842215278
0.29070378799330104
0.2448866367340088
0.2968606476079334
0.26314223354512994
0.2761745738712224
0.2350488066673279
0.27619669423861937
0.25202629281715916
0.2058122264390642
0.25167817270213905
0.21704148975285617
0.2371685349128463
0.23422192138704387
0.2740065428343686
0.313362780213356
0.2655291871591048
0.2422426147894426
0.24459644461219962
0.25636242614551025
0.26054268330335617
0.24366214722394944
0.28892227817665445
0.262929200313308
0.23064723847941918
0.291972595046867
0.21556721993468025
0.21963608711957933
0.2253162029791962
0.1989164445210587
0.20081654360348528
0.20964600416747006
0.21947040124373002
0.21895063174041834
0.21954125179485842
0.30320871567184277
0.268265229057182
0.2233834131197496
0.2764002195813439
0.21822439703074367
0.3411997952244499
0.27420243241570214
0.284760635684837
0.293821881711483
0.3001201719045639
0.34303162558512257
0.25705712965943595
0.2934590427712961
0.2590602013197812
0.2661851636388085
0.2997348030859774
0.27728363194248895
0.26579454473473807
0.26541626954620534
0.24178472364490683
0.20865381624210966
0.2801037166606296
0.26091810275207866
0.23969112478873947
0.2182866915383122
0.18796596913175148
0.20842936621470884
0.2563654498620467
0.23091562458060005
0.2569460739466277
0.24667016010392795
0.2163899227976799
0.20488339479673992
0.2359190930697051
0.2839237864721905
0.20752510530027476
0.21944459636103023
0.24143496562134137
0.2812199873680418
0.2982336754148657
0.2564433501525359
0.2709304613145915
0.24684115363792938
0.29596324305642735
0.2173788727007129
0.23106316741217267
0.24292477823116562
0.20126727284355597
0.23082620386372912
0.21839072954925623
0.2258942681957375
0.21115401888435537
0.2263885307718407
0.2513068224896084
0.21350537274371495
0.23569138896736233
0.19716273830695585
0.24441286846995353
0.1880712249062278
0.16902030713178895
0.21637673784386027
0.19661955257708377
0.1968526032160629
0.1688630910082297
0.19618415520949797
0.20959164317358625
0.190099370140921
0.22223742699081248
0.2333906039595604
0.2028245980089361
0.17935634113170884
0.19378666870973327
0.2718214346603914
0.18618319217454304
0.17694655717773872
0.21973554769700224
0.18236551149324937
0.18392232832583513
0.20083083009177988
0.17218698716976427
0.17724145088683474
0.23845419165762988
0.17756496755914256
0.18399055288596586
0.18852722827683796
0.14999444687908345
0.15809181315655058
0.15777597088705408
0.21513986743309282
0.1524244460869919
0.22691691314632242
0.15314856368032367
0.14235522912984544
0.2511263341388919
0.1755343649875034
0.21861741996624254
0.1684283050623807
0.16848596310751005
0.17470351816578344
0.12409866611388597
0.13097479787062516
0.1610001230104403
0.13219145705754107
0.1439299034124071
0.20268815078518607
0.21893234591592442
0.20558747053146362
0.16215219660238786
0.19084020202810115
0.21951353204521265
0.2049617511304942
0.18920814130793917
0.18773634670810266
0.15469849069010128
0.1335426023737951
0.14049168229103087
0.16135833026333288
0.14391059374267404
0.16969993984834714
0.17996073426170783
0.15354349020529878
0.17612959756092592
0.1439376721327955
0.18422109193422578
0.16991286582567475
0.1418092041869055
0.15251707045192067
0.1592874983494932
0.16564194492318413
0.22225190353664484
0.1644161921333183
0.16833923804489048
0.1946440787477927
0.16993790018287572
0.16152982657605952
0.16599791598590938
0.13141066858714276
0.14544664502821186
0.1496226922354915
0.18084184195507658
0.13430591567673467
0.10955821671946482
0.12252749367193742
0.12403504128821871
0.12730166526003317
0.15371318489990451
0.15823727829212492
0.11765129523859783
0.19308852387422865
0.15628916641527957
0.15382010256024925
0.19592900296503848
0.1583206795156002
0.13686040389266882
0.1571854439648715
0.15177884677594358
0.133409422500567
0.1295135959982872
0.2081044988198714
0.13615931848233395
0.16802478249777447
0.1916657900945707
0.13822113908827305
0.13199862231585113
0.13437208926135844
0.15841264338655905
0.14557402035729453
0.1529965477572246
0.17392378601838243
0.14904770776629447
0.17052258828824216
0.17824401713230392
0.16891193447465247
0.16490814245559954
0.1577469694682143
0.1914909641173753
0.18529600148851222
0.13923565039241856
0.1277600911869244
0.11079183630645276
0.13053249882703477
0.1427843797274611
0.1599296607585116
0.15967662632465363
0.11237789751453833
0.12557631537995556
0.10309333130717277
0.09086365027522499
0.13199420462955128
0.09977380606261167
0.10648391077464277
0.1298875647343018
0.10888390901752494
0.1450883064757694
0.18866416259922764
0.13255400031127712
0.13696521446108817
0.11880045882002874
0.15386318916624242
0.12107653038745576
0.11651482888582078
0.15247520137239587
0.11423201164738699
0.10583582198755308
0.15237310017374428
0.1381834407083013
0.1851965371011333
0.27002334974028847
0.18598709418015047
0.18097837375984951
0.18004655577242373
0.13572997291657057
0.12993734387511557
0.09630882933058522
0.15092795081436633
0.17228464904156598
0.12040264349092136
0.16463921618732538
0.11896436857906255
0.16433424028483304
0.13398064676333557
0.1236536731435494
0.13862105570733546
0.1337549001486464
0.1406153890388933
0.1257259874181314
0.1342683208598332
0.15554705448448658
0.18814972747455944
0.1559266465970061
0.21194230815903706
0.187147011811083
0.1394702925262126
0.13427684266458859
0.1758363675326109
0.15547230297868903
0.1137392034754157
0.17422897595573555
0.13153116018934682
0.09941124833104285
0.11157653751698407
0.12617147046733987
0.08981116996570067
0.10657906899736687
0.1045988511971452
0.1162393816831437
0.09689574644646862
0.10435892279175195
0.11029543388973582
0.10678088944405317
0.12307213382287459
0.17427763227712023
0.1822442040863362
0.11539031504230066
0.10546945953233676
0.09062086966904727
0.07978530660779638
0.08021591755307533
0.1713822962885553
0.14496317648074844
0.15552557923577048
0.11871538296003234
0.14407232628965919
0.13789319643242792
0.10279106672175906
0.10661199370568449
0.08365041389214721
0.18761794384230268
0.16372506703165443
0.13182891884988004
0.1394237848337401
0.1545019364661791
0.14690429202534935
0.13210940071466296
0.1409607072784142
0.10312412089922211
0.10141057971526277
0.09580985627729785
0.14967699335380033
0.08990896205333146
0.11509811185639013
0.11185913373800842
0.08362345776774667
0.082592233795334
0.12634809626774354
0.1778376377780329
0.11327531728893518
0.09785855053500696
0.11330070684409954
0.11024008235809478
0.1426652806726369
0.08999646407636729
0.13460395659574054
0.09408323055302555
0.09521592516790736
0.09310646194287321
0.08973275111480193
0.08616416241804307
0.14811235591769217
0.11064618880098516
0.12395445709540086
0.12319060641933571
0.11476615809581496
0.09165374666283077
0.07314083239232952
0.1043213743547147
0.0856741878119382
0.09738129823129962
0.0913886424746703
0.0699863628399643
0.0850171571597457
0.08321658178147945
0.11234686508436095
0.09468850566243583
0.09222262327305296
0.0713203749958087
0.14673546774482185
0.11424719247628343
0.11687728869305415
0.1350424663248387
0.09933328000320629
0.09348474329506809
0.11916773561388254
0.09162467667324976
0.12517678415910763
0.09703435984186151
0.08680233807218346
0.11618462243879384
0.13836824761872943
0.12003809059546752
0.08555889179591428
0.14846061771227556
0.11064552207562056
0.09942582656036723
0.1305455100129951
0.122079238651151
0.14316990314559502
0.1563400000333786
0.12097866875542836
0.0777496039359407
0.12732842596755786
0.12560181765055115
0.12917872534387492
0.08577599045397206
0.10904910750687122
0.09632831046527082
0.09246026518839327
0.10086466797034849
0.16061938017268074
0.10725888894362882
0.11088466054167259
0.10371866856109012
0.09761754188855941
0.09626528994942253
0.09398672330108555
0.11957028686830944
0.0861134791916067
0.08381172838536176
0.07326554294929585
0.13689279949969865
0.10749215923927047
0.19585477464239706
0.11128408233211799
0.15436877078292044
0.08765016167678616
0.14754214532334697
0.11080206940797242
0.09605900768867948
0.10366224480623548
0.08625206012617458
0.11336483629420399
0.0907487485981123
0.14456650287928907
0.14856354628096927
0.15407542283223433
0.10192527434026653
0.12130477345463904
0.12749000633643431
0.113570694913241
0.11187661460346797
0.09387506365945393
0.06991470888765021
0.1400384753603827
0.1350245928730477
0.08834320270371708
0.08712681266055866
0.09492499698800119
0.11988038912584836
0.11107947254045443
0.10792635557326404
0.1174029766497287
0.12565436883067543
0.1020600502802567
0.14352888249876825
0.09476214200258255
0.1089307183823125
0.1061086136678403
0.10722124569795348
0.10435087750242515
0.0934445329179818
0.1517800431021235
0.08106891869313337
0.09461231797256253
0.12417850742455233
0.11221096371723847
0.07731026805598627
0.07618936277841303
0.09218457196415826
0.08564586267721924
0.10131374963305213
0.09420549054206773
0.11025139088319107
0.12161706776612184
0.09670820588415319
0.11574307816441763
0.10604570760306987
0.11637383740056645
0.09264239585873756
0.10486794088713147
0.09121704737401821
0.09846327305686745
0.10830539481037042
0.09189781842922623
0.07327333043160086
0.11135948627171191
0.09264196212488142
0.09408767531541261
0.08576394731009548
0.0785398941190744
0.06073375666852702
0.06082749099216678
0.08521811973980882
0.09513265113769608
0.0733688896775923
0.056870756027373404
0.05490101280791516
0.05714517804709348
0.15519609396261247
0.10574810303408991
0.14874842359938406
0.1003534496084533
0.1114821739367802
0.1216199257326397
0.09171588373455135
0.07955571403303607
0.08088669110597535
0.08817441358485005
0.07537414974279025
0.11590227704833854
0.07601943181996995
0.09898618661205877
0.10298678239130162
0.06072256080382927
0.08688380611975761
0.0740746722175655
0.08906014569273049
0.05557841993021694
0.09381249162622474
0.07818475457501005
0.08059865991923619
0.06390142597004093
0.05852807179855352
0.05888580456164411
0.07754777971104804
0.0837994188662957
0.05774065214632587
0.06355679196051577
0.09091958626258102
0.09024991062046452
0.10017390972934663
0.0993151956661181
0.0879996440712024
0.0829372408291833
0.08246257051571526
0.1051482238044793
0.09001857520673763
0.09809034125540744
0.09786663151938807
0.08990850510414351
0.11768159578469667
0.09344801792705601
0.0852528993632983
0.06184850778346035
0.0893092324830253
0.08607880645008249
0.08309429148212075
0.07097022692588242
0.05720777706751092
0.04712105939926749
0.11607932331548496
0.1451492464677854
0.147832098162987
0.15920462442392652
0.11876200173388828
0.08536326506344433
0.07304740391502326
0.07226953157223762
0.08304962329566479
0.058937484652481296
0.161116131268103
0.14105342852629044
0.10366769566793334
0.11245192570442503
0.07370724766938523
0.07571337814019485
0.08067996788515963
0.07975149831988594
0.12318450806831771
0.06884075896814465
0.1063079612117938
0.06432125602679496
0.0913461660458283
0.07191722911189903
0.07084952469661154
0.10136663627556779
0.12606029710309072
0.13526266699826175
0.08718153900382193
0.09179075156253848
0.1303169582039118
0.08235422366891396
0.07856979531828653
0.0762719737873836
0.0853512052954598
0.06566017450426112
0.0925021138719537
0.10865055809474804
0.07799427706155587
0.09983235736885532
0.08602787229147825
0.09514676820994779
0.08859110407700593
0.08647954498883337
0.11071897204118696
0.09671196845275434
0.12887561433017253
0.10815516441044483
0.08469863041219386
0.09999067217788914
0.07790136501108381
0.10213141310536726
0.09950144646519965
0.06659294504418292
0.08053088804960928
0.07648325702175499
0.07257140830836513
0.05934994991191409
0.07447290935722942
0.09063408223234794
0.07960881540890444
0.07647382266904143
0.06169417154636573
0.0638068811121312
0.0556678471875123
0.07744186340873553
0.043101592014797706
0.08083655026698992
0.0555928836999969
0.13973558207296513
0.1067261452363296
0.05474560536359521
0.07438299727033484
0.08920896576124836
0.10294611008668487
0.08578658365559849
0.07883185572414235
0.07122917253185403
0.05591191166207533
0.12538348699242555
0.12038719093596394
0.08171001897955482
0.06931882608808916
0.1357539879835465
0.058322118248113175
0.07940835730088028
0.050408294731327755
0.08527445841411298
0.11919703103432601
0.1427225099664859
0.08106566228565168
0.09600431661714207
0.12179322194477374
0.08788293385878206
0.10428981466049497
0.08340429725464095
0.061026188769293103
0.08926672471517866
0.09795111474496397
0.07202215858057819
0.07207415294833482
0.06579346467359838
0.0638905163124119
0.053208129670978946
0.09429748365232213
0.073731923869557
0.09664246185301718
0.08196393601088361
0.10823968504978852
0.07490821019323035
0.10876156628470529
0.17196991953321478
0.09677472224840047
0.1049882131417028
0.07752878855151886
0.11036890427666632
0.07256800534034318
0.0728217289952392
0.07954744040881369
0.10492894702844999
0.07585496222177013
0.07035799140787938
0.12057036477225748
0.10077787985686551
0.08923430303323336
0.1425451905212619
0.09161220824515277
0.09349529995286668
0.0905946652108634
0.07379187596115198
0.10546954581514001
0.07282663701652464
0.09893594980663196
0.08574102234772661
0.06463459417096931
0.07776280427774922
0.09289164665070447
0.09989249940792268
0.08616939945231107
0.08534728682345964
0.07968879847956652
0.061899656006558376
0.07571669895709916
0.05515805839095265
0.09201042670544914
0.06811226625207134
0.06345648030454124
0.10170654297636991
0.0875162822871723
0.07696106204424392
0.09209580518389968
0.09625151687386362
0.08722735294352539
0.0858440974430943
0.06519647988871756
0.04214054488322951
0.07006757283498617
0.06433040868829597
0.07479768542742188
0.0599247976354408
0.04467718900414184
0.0853097043169493
0.09387154563499445
0.09265820565210148
0.061215783391063185
0.10748903332278133
0.11911567298864777
0.1004203119315207
0.08835787473839116
0.14178766511719335
0.08391289983198724
0.0744406440697441
0.0756545624484054
0.08983071817677807
0.08060733286706223
0.08047738776499913
0.06399009504821151
0.07464577943425287
0.05394848557189107
0.08146753893868829
0.06166866799731824
0.08077494492331012
0.08374150657857006
0.10013669515028596
0.06890506709671833
0.06628633424301039
0.052785610167351976
0.09565721704539927
0.13971921179274266
0.1066605682908134
0.1639015260575847
0.1607079804790291
0.11488776719620959
0.09891633306291293
0.06636799622581087
0.11885415172543037
0.10908877008848569
0.08737384332132271
0.08309766981666061
0.04751212432006882
0.050885006129233676
0.06419813431249084
0.059955549995753574
0.06834691457175227
0.0960257868684659
0.053627262484620915
0.07030334888153117
0.1073868761558763
0.08272215576249767
0.0756468580019745
0.09401031537828121
0.1024621422868222
0.05764208435165611
0.10090110157193108
0.08712956886315211
0.08555442307313735
0.0725483171557161
0.05728691923855381
0.058587408772754396
0.05585029492239383
0.08468162254430353
0.09769094141030854
0.07135599033737725
0.07447576699355109
0.05572799072092907
0.06875467203896155
0.0874607570596378
0.0867973359936679
0.06816042564724657
0.1097008317454972
0.06525330152785913
0.09980413387106224
0.07173396832817658
0.08286424901082434
0.0576316203202375
0.07579615986059335
0.06731299385428428
0.06880173400806433
0.0829279699595645
0.10415511954660443
0.09071475837210363
0.05445820047435435
0.07555889989757403
0.09166025287387046
0.10068800874816423
0.0957848016045649
0.08515275674448772
0.10232307403348387
0.08015458336184648
0.06514252098700539
0.08651349644430659
0.06468224750239063
0.061708274171476
0.04361364221708341
0.0736064790007235
0.09290097877806561
0.06205677746752785
0.07237480360675942
0.07201194877482274
0.10366790670562874
0.07253167574632574
0.05382577321830798
0.06461589195638556
0.07720487514002757
0.03841431674716825
0.09015946828506209
0.05689618776510046
0.0900553328747099
0.05878085386304354
0.07110533318376508
0.0503309132817032
0.11714832176115703
0.08109801597046581
0.06769505118612539
0.09999542223204944
0.10424133273772895
0.08866069896400652
0.1110117703337561
0.0729228724852543
0.05440202308395369
0.1111281913197176
0.10290374018421228
0.10511761423708363
0.07558856546794149
0.05970170128963549
0.09039903971239585
0.06541742277754979
0.05785421663471921
0.04992403042587367
0.08590331139804964
0.0624717683235014
0.0429537303364751
0.0878686736909334
0.08132945004723627
0.06072588940151036
0.07545367547056891
0.0504797511416572
0.08260590354065327
0.04804798612498085
0.06079477629285644
0.09155531217005443
0.039087420346384696
0.06151690522251143
0.04667471600061452
0.0559866584001363
0.05301101481838321
0.062183536175342106
0.04000634286573834
0.05393025584476577
0.09199730618856847
0.07404798729429868
0.079982214899395
0.06255825112192807
0.043519415651363406
0.035001422693444924
0.061824852744625375
0.0631811566227539
0.12462401058186184
0.09431176616979593
0.060879846844314175
0.07246220285199921
0.05518105583244257
0.0660009606296874
0.07896844679066403
0.06612671873616902
0.06245578079357405
0.062139466652561995
0.05456622735470195
0.051943114875096154
0.04710913119752976
0.05148356429999694
0.14794309363192457
0.13387371001087806
0.127311396042139
0.15949628736654467
0.09423823617822068
0.08374111700210382
0.06125823286446658
0.06480472106274894
0.06863461437804455
0.07759021281222389
0.06418100088115104
0.04463100034997545
0.08172336501831358
0.095430242608894
0.08992212588306178
0.0867341078944843
0.06325342014050958
0.08080443313175982
0.05965942976234311
0.0886463541770354
0.061844658381728965
0.05237612177681347
0.1437432160156525
0.17703582168218088
0.08320942085066979
0.07003824857529253
0.09641133157790384
0.10560569956644693
0.07614218146878887
0.05982983319977806
0.10095730705440721
0.0698777556186542
