[[ 1.9987536   0.8686485   3.20168966 -0.15584153]
 [ 1.84758733  0.83989147  3.24544812 -0.16881495]
 [-0.19644035  0.85838346  3.23718853  1.92440031]
 [-0.19647336  0.82990152  3.25479224  1.85537054]
 [-0.17661161  0.84149763  3.24375933  1.86416216]
 [-0.19536224  0.81543844  3.25259854  1.89308348]
 [ 1.86857991 -0.16568514  3.23813293  0.84566439]
 [-0.18947078  0.80980978  3.25228378  1.89388584]
 [ 0.81143415 -0.20303808  3.25237022  1.93200316]
 [ 0.82107219 -0.18624508  3.25084367  1.87295264]
 [ 0.82957801  3.24600643 -0.17604357  1.86847393]
 [ 1.91844796  3.22580358 -0.17850459  0.87203491]
 [ 0.82260377  3.2501498  -0.17837508  1.86063737]
 [ 0.83510284  3.24396299 -0.18065155  1.87930337]
 [ 0.83702777  3.24988952 -0.17926044  1.84448259]
 [ 2.02398814  3.21005339 -0.17679668  0.86844334]
 [ 1.93829812  3.20576172 -0.16053571  0.89549129]
 [ 1.87847975  3.23834561 -0.17875202  0.85402221]
 [ 1.91454101  3.22695897 -0.16786939  0.85453609]
 [ 1.95581836  3.19505004 -0.17514684  0.95639686]
 [-0.20731596  0.81137009  1.94347379  3.25306829]
 [ 1.92543998  0.8728316  -0.17655112  3.22336039]
 [-0.18357287  0.83259733  1.83631138  3.25395953]
 [ 0.81929775 -0.18741531  1.86209683  3.25347277]
 [ 1.83603234  0.82323199 -0.18168072  3.25572679]
 [ 1.90904782 -0.16729516  0.86579627  3.22428564]
 [ 1.85039567 -0.18999158  0.84119503  3.25102109]
 [-0.16817157  0.8455256   1.92094232  3.22893185]
 [-0.19521938  0.81419212  1.89548657  3.25261747]
 [-0.18759012  0.82850344  1.83753287  3.25577175]
 [ 3.23417054  0.82591577 -0.17957052  1.96956532]
 [ 3.22960485  1.90569168 -0.18674819  0.88242025]
 [ 3.23556771  0.82678115 -0.15901019  1.90215248]
 [ 3.24006498  0.84591518 -0.19440285  1.92014828]
 [ 3.24765724  0.83465263 -0.20437061  1.91888557]
 [ 3.24015053  0.83811671 -0.18022572  1.89562341]
 [ 3.23423316  0.85028897 -0.19143636  1.94463973]
 [ 3.24127836  1.88761095 -0.19407348  0.860607  ]
 [ 3.23567689  0.84903197 -0.17048871  1.8833205 ]
 [ 3.24926362  0.84536578 -0.18551914  1.8473795 ]]