67.2861099243164
33.146484375
26.862897872924805
29.2399959564209
15.421998977661133
6.776708126068115
8.099053382873535
4.076651573181152
6.034716606140137
4.065711498260498
3.2935383319854736
4.903934478759766
3.4192891120910645
3.3985443115234375
3.937981605529785
3.293531656265259
3.470679759979248
2.9448482990264893
2.645108222961426
3.3331260681152344
3.541642427444458
3.458329916000366
3.3247451782226562
2.2135629653930664
3.0892367362976074
3.201432704925537
2.6420016288757324
3.0270612239837646
2.5688247680664062
3.1375865936279297
3.0617001056671143
2.4441945552825928
2.8969430923461914
3.1225244998931885
3.107788562774658
1.737256407737732
3.1370444297790527
2.5764055252075195
2.8942296504974365
2.9383018016815186
2.667806625366211
3.033130407333374
2.7669479846954346
3.0059313774108887
2.9836158752441406
2.4457473754882812
2.9246063232421875
2.759268283843994
2.8335585594177246
2.607697010040283
2.7969679832458496
2.9955716133117676
3.063809633255005
2.944153308868408
2.929274082183838
2.9284281730651855
2.9731762409210205
2.258565902709961
2.919497013092041
2.6565918922424316
2.894887685775757
2.901416778564453
2.9031121730804443
2.3933067321777344
2.9972422122955322
2.6638078689575195
2.773575782775879
2.7329189777374268
2.170410394668579
2.4251720905303955
2.950198173522949
2.867249011993408
2.8965978622436523
2.852318286895752
2.495398998260498
2.844431161880493
2.489130973815918
2.472529888153076
2.6896679401397705
2.5937001705169678
2.8177249431610107
2.2904417514801025
2.861699104309082
2.4278693199157715
2.4437735080718994
2.6736199855804443
2.953824043273926
2.7031211853027344
2.5982656478881836
2.9359240531921387
2.61650013923645
1.988871455192566
2.7829360961914062
2.2986526489257812
2.3959319591522217
2.5671136379241943
2.028665542602539
2.398573160171509
2.3488404750823975
2.421712636947632
2.876054525375366
2.592869520187378
2.523531913757324
2.774310827255249
2.320951223373413
2.576658010482788
2.2398481369018555
2.5485031604766846
2.3198904991149902
2.5195019245147705
2.2673537731170654
2.1996867656707764
2.5148046016693115
2.575770854949951
2.629342794418335
2.3138253688812256
2.599062919616699
2.1180572509765625
2.446394920349121
2.623473882675171
2.5987818241119385
2.1371185779571533
2.396681308746338
2.494722366333008
2.2497925758361816
2.32365345954895
2.365384340286255
2.402247667312622
2.4882683753967285
2.222970485687256
2.2881946563720703
2.2088470458984375
2.3463077545166016
2.3690478801727295
2.356900453567505
2.2130746841430664
2.3902859687805176
2.4239072799682617
2.3319852352142334
2.249223470687866
2.3651700019836426
2.2152833938598633
2.0800650119781494
2.2547733783721924
2.185283660888672
2.2479021549224854
1.9372227191925049
1.9209496974945068
2.134833335876465
2.143740653991699
2.2481982707977295
2.023073673248291
2.235973358154297
2.039097785949707
1.9465832710266113
2.025623083114624
2.042283058166504
2.1034812927246094
2.1475563049316406
2.0753982067108154
1.9414089918136597
1.9025334119796753
2.1105244159698486
2.103302001953125
1.8395463228225708
1.7371882200241089
1.9246656894683838
1.963062047958374
2.0430655479431152
1.7214335203170776
1.9666054248809814
1.8691446781158447
1.8964447975158691
1.9473915100097656
1.911288857460022
1.7017197608947754
1.8529853820800781
1.6984459161758423
1.7800036668777466
1.683690071105957
1.9533029794692993
1.7684935331344604
1.749489665031433
1.6268540620803833
1.7721397876739502
1.5967336893081665
1.599571943283081
1.8917646408081055
1.467693567276001
1.7431495189666748
1.6327646970748901
1.4101179838180542
1.4738781452178955
2.357811450958252
1.4995383024215698
1.6977901458740234
1.4806777238845825
1.687879204750061
1.5937371253967285
1.529642939567566
1.5702786445617676
1.4933185577392578
1.4758232831954956
1.4134790897369385
1.5050679445266724
1.4748103618621826
1.5776973962783813
1.239876627922058
1.314089059829712
1.5235849618911743
1.492241382598877
1.263237714767456
1.8622715473175049
1.1052926778793335
1.562528133392334
1.4469658136367798
1.2772682905197144
1.3166354894638062
1.4291867017745972
1.507041335105896
1.2999382019042969
1.2686315774917603
1.1206125020980835
1.2083922624588013
1.108927607536316
1.261911392211914
1.125189185142517
1.1262457370758057
1.1802330017089844
1.0415822267532349
1.128176212310791
1.0852597951889038
2.016979694366455
1.1894270181655884
1.1985468864440918
0.9937629699707031
1.3360748291015625
1.0636628866195679
2.1796765327453613
1.099536418914795
0.9226231575012207
1.0704538822174072
1.7906272411346436
1.080681324005127
1.3714501857757568
1.0179259777069092
0.9238054752349854
1.255069375038147
1.033367395401001
1.1595122814178467
1.5396791696548462
0.9153701663017273
0.9588115811347961
1.2023171186447144
1.0723751783370972
0.9840614199638367
0.9095800518989563
0.9414058923721313
1.2193171977996826
1.0269501209259033
0.8712529540061951
0.7778176665306091
1.0884966850280762
0.908850908279419
0.7892439961433411
0.7222895622253418
0.9277625679969788
1.0782084465026855
1.0599390268325806
0.8625893592834473
1.3247286081314087
0.8958162665367126
1.0750231742858887
0.9940990805625916
0.8380242586135864
0.8847650289535522
0.9711301326751709
0.7464955449104309
0.8715435266494751
0.987598180770874
0.9996846318244934
0.6459646821022034
1.131941795349121
0.8966581225395203
1.0170446634292603
0.8411756753921509
0.7662527561187744
0.8142849206924438
0.8389370441436768
1.4559752941131592
0.8248656392097473
0.8242837190628052
1.0048072338104248
2.190700054168701
0.8037083745002747
0.8162266612052917
0.8495153784751892
0.9412776827812195
0.7922810316085815
0.6841200590133667
0.6680166721343994
1.042615294456482
1.2650232315063477
0.7590780854225159
0.564482569694519
0.7513917088508606
0.6664308905601501
0.7157686352729797
4.300199031829834
0.9788990020751953
1.030071496963501
0.9800451397895813
1.0031973123550415
1.1668518781661987
1.1746540069580078
0.9051054120063782
0.8964994549751282
0.9248126149177551
0.875583291053772
0.8116614818572998
0.9452272057533264
1.1640405654907227
0.8998450040817261
0.8015568852424622
0.7719958424568176
0.8812124133110046
2.784573793411255
3.0070033073425293
0.8086338043212891
0.9541128277778625
1.104148507118225
0.8888184428215027
0.8281499743461609
0.8816090226173401
0.841972291469574
0.7975589632987976
1.09587562084198
0.9325801730155945
0.7823348641395569
0.871464729309082
0.7959352731704712
1.5558487176895142
1.0732053518295288
1.0325090885162354
0.7905369400978088
0.6825146079063416
0.8573288321495056
0.6895477771759033
0.6286352872848511
0.856913149356842
0.7013573050498962
0.7964004874229431
0.6020353436470032
0.6205092668533325
0.6490200161933899
0.8967587947845459
0.8912049531936646
0.5590904951095581
1.0033847093582153
0.9182325005531311
0.9488831758499146
0.6180644035339355
1.2965574264526367
0.7384436726570129
0.5558106303215027
0.9546787142753601
0.6425877213478088
0.6728969216346741
0.6671959161758423
0.6862258315086365
1.1097115278244019
0.5909771919250488
0.6709541082382202
0.6410248279571533
0.7930302023887634
0.5779306888580322
2.062869071960449
0.5946596264839172
0.8099226355552673
0.6441255211830139
0.692752480506897
0.6559244394302368
0.6244910359382629
0.5740231871604919
0.6147260069847107
0.5941985249519348
0.6801673173904419
3.656480312347412
1.0508898496627808
0.5955817699432373
0.7108495235443115
0.6793963313102722
0.7455745935440063
1.0823731422424316
0.894877016544342
0.6914921402931213
0.9234878420829773
0.8813743591308594
1.7541645765304565
0.8303762078285217
0.9596626162528992
0.7225160002708435
0.9115147590637207
0.991518497467041
0.7218979001045227
0.7162094116210938
0.7897613644599915
0.6476430892944336
0.7380186319351196
0.7020212411880493
0.9794278144836426
2.029353141784668
0.5818663239479065
0.6726413369178772
0.6339206695556641
0.6300849318504333
0.8231404423713684
0.5839387774467468
0.9917828440666199
0.6215208172798157
0.8075843453407288
0.5786252021789551
0.6516616344451904
0.5918534398078918
0.6238583326339722
0.7389677166938782
0.7947471141815186
0.5924187898635864
0.5613837242126465
0.9682210087776184
0.6183539032936096
0.5799276828765869
0.6129445433616638
3.857438564300537
0.5499856472015381
0.5865443348884583
0.5920738577842712
0.7026576399803162
0.6224732995033264
0.7480394840240479
0.7230451107025146
0.5260422825813293
0.8970116376876831
0.5831203460693359
0.5024623870849609
0.7221516966819763
0.6298874020576477
1.4644559621810913
1.6768686771392822
1.1096587181091309
0.7392463088035583
0.690554678440094
0.7698999047279358
0.8151363134384155
0.8284633755683899
1.5902818441390991
0.7345011234283447
1.978657841682434
0.7301210761070251
0.7080870866775513
0.7183588743209839
0.652808427810669
0.70158851146698
0.6415885090827942
0.5810788869857788
2.171680212020874
0.7990531921386719
0.6980729699134827
0.602597177028656
0.8561476469039917
0.49846410751342773
0.7525640726089478
0.619293212890625
0.5905228853225708
0.5790753960609436
0.5814422965049744
0.890833854675293
0.5703575015068054
0.710574209690094
2.5040690898895264
1.2003833055496216
0.6057890057563782
0.5451951622962952
0.5640490055084229
0.5997278690338135
0.5877325534820557
0.5294293165206909
0.7092062830924988
0.4924398362636566
0.7549142837524414
0.5340211987495422
0.6852660775184631
0.8777173161506653
2.5546486377716064
0.6005822420120239
0.5821250081062317
0.5732152462005615
0.5368914008140564
0.659956693649292
0.5167317986488342
0.5879056453704834
0.5196000933647156
0.7152960896492004
0.45942798256874084
0.622369647026062
0.5227366089820862
0.6273915767669678
0.8194567561149597
0.5378305315971375
0.7387610077857971
0.703366219997406
0.4970616400241852
0.4658389091491699
0.4716322720050812
0.5814256072044373
0.4547037184238434
0.587051510810852
0.4799084961414337
0.8230316042900085
0.7028524279594421
0.5881620645523071
0.4393594264984131
0.6087575554847717
0.5158732533454895
0.45231717824935913
0.449200838804245
0.549117386341095
0.41863033175468445
0.4036301076412201
0.4321223795413971
0.3671458661556244
0.5026229619979858
0.6373527646064758
0.35957667231559753
0.3369746208190918
0.4073629081249237
0.7108249068260193
0.8981360197067261
0.6178911328315735
0.8522209525108337
0.4144066870212555
0.47338950634002686
0.3235575258731842
0.6172321438789368
0.9742330312728882
0.7571990489959717
0.5846068859100342
0.4998171627521515
0.4775206744670868
0.37227797508239746
0.3928775191307068
0.7495123744010925
0.47462791204452515
0.4208839535713196
0.3666466474533081
0.4777895510196686
0.5049882531166077
0.4433192312717438
0.4020735025405884
0.37161192297935486
1.030062198638916
0.37464436888694763
0.37997692823410034
0.5872769355773926
0.36455097794532776
0.6804727911949158
0.34664386510849
3.521467924118042
0.4037552773952484
1.1189157962799072
0.524335503578186
0.905048668384552
0.5247131586074829
0.4943304657936096
0.5208113193511963
0.6780480146408081
0.6320545077323914
0.5042158365249634
0.6568644642829895
0.7865994572639465
0.4443654716014862
0.5346444845199585
0.4853229522705078
0.6487599015235901
0.39454811811447144
0.49364274740219116
0.47179895639419556
0.5196791291236877
0.7273788452148438
0.5518329739570618
0.36970752477645874
0.4862632155418396
0.7211933135986328
0.4155961573123932
0.6386952996253967
0.45540565252304077
1.1726560592651367
0.6609070301055908
0.8248022794723511
0.5110607147216797
0.621986985206604
0.8250287771224976
0.46201494336128235
0.5255349278450012
0.4481467604637146
0.5017714500427246
0.38240692019462585
0.45180168747901917
0.35905027389526367
0.37634435296058655
0.564958930015564
0.9314588308334351
0.8068317174911499
0.45933443307876587
0.4027019441127777
0.9303980469703674
0.4374755918979645
1.725371241569519
0.38892555236816406
0.8860976099967957
0.6859881281852722
0.41465917229652405
0.8585221171379089
0.43891778588294983
0.5379202365875244
0.5686492919921875
0.4957166314125061
0.5588984489440918
0.3860953152179718
0.4083681106567383
0.3997175097465515
0.49411460757255554
0.4039158821105957
0.840599000453949
0.5007371306419373
0.5475481748580933
0.39649686217308044
0.3676161468029022
0.40474486351013184
0.38223740458488464
0.3172362744808197
0.47642502188682556
0.9303208589553833
0.4810231626033783
0.35700759291648865
1.0894495248794556
0.552029550075531
0.43936145305633545
0.3779517710208893
0.8657286167144775
0.4690883457660675
0.417786568403244
0.4736550748348236
0.4106963872909546
0.36154526472091675
0.38752055168151855
0.3361239433288574
0.5707451105117798
0.3070732355117798
0.5307071208953857
0.6100596189498901
0.3244348466396332
0.5070119500160217
0.553112804889679
0.4058586359024048
0.5461504459381104
0.5085888504981995
0.32021820545196533
1.3876287937164307
0.34860408306121826
0.30570968985557556
2.3134915828704834
1.6542930603027344
0.5019122362136841
0.6182790994644165
0.5423203706741333
0.573287844657898
0.5432170033454895
0.4417383372783661
0.4693783223628998
0.46741771697998047
0.42256489396095276
0.4516057074069977
0.4883377254009247
0.42061465978622437
0.9199825525283813
0.3397696316242218
0.3910697102546692
0.5466306805610657
0.6718382239341736
0.5756968855857849
0.4381892681121826
0.3518739938735962
0.9935171604156494
0.42846232652664185
0.37085407972335815
0.45163413882255554
0.9842240810394287
1.200571060180664
1.4120889902114868
0.5649372339248657
0.44177842140197754
0.44710952043533325
0.617010235786438
0.4066614508628845
0.5945045351982117
0.6199063658714294
0.43637263774871826
1.2026658058166504
0.4597196578979492
0.4514944851398468
0.5066305994987488
1.3566257953643799
0.8020657896995544
0.6320628523826599
0.3970864415168762
0.4780693054199219
0.3764980733394623
0.4265054762363434
0.4102381765842438
2.190401554107666
0.4035530686378479
0.46078628301620483
0.48948484659194946
0.5226040482521057
0.44132810831069946
0.42593932151794434
0.5046545267105103
0.6254314184188843
0.3694593608379364
0.5910084843635559
0.4222249686717987
0.7506903409957886
0.42682281136512756
0.336107075214386
0.546500027179718
0.35870257019996643
0.5120357275009155
0.36631032824516296
0.42668402194976807
3.1222469806671143
0.9192343950271606
0.9674118161201477
1.1936020851135254
0.5866786241531372
1.3658649921417236
0.47806817293167114
0.6453115344047546
0.5240824818611145
0.5227038264274597
0.5186131596565247
0.7462155818939209
0.5963833928108215
0.7454088926315308
0.4102027714252472
0.48186737298965454
0.39890116453170776
0.434540331363678
0.5687212347984314
0.4006482660770416
0.42651715874671936
0.4550296366214752
0.5545792579650879
0.35504791140556335
0.41771355271339417
0.5590041875839233
0.4100114405155182
0.31375378370285034
0.44623786211013794
0.27893757820129395
0.312605082988739
0.5398293733596802
0.4213573932647705
0.3788818418979645
0.37571707367897034
3.3323044776916504
0.2993936240673065
0.8707024455070496
0.49898386001586914
3.6563966274261475
0.49454212188720703
0.6502706408500671
0.6499733328819275
0.7243225574493408
0.6393502354621887
0.5060242414474487
0.7705829739570618
0.6287928819656372
0.497589111328125
0.5615288019180298
0.49307072162628174
0.38118064403533936
1.8022634983062744
0.7727439999580383
0.8971391320228577
0.43213531374931335
0.5863509178161621
0.6598438620567322
0.6245707273483276
0.8774257302284241
0.42887255549430847
0.5633179545402527
0.575767457485199
0.46042600274086
0.43079739809036255
0.5655733346939087
0.8617016077041626
0.4274035394191742
2.7467002868652344
0.3863098621368408
0.5596989393234253
0.4465823769569397
0.4880731403827667
0.5647729635238647
0.5271109342575073
0.4354702830314636
1.2925676107406616
0.4342940151691437
0.4002593755722046
0.6022323369979858
0.5132859349250793
0.369210809469223
0.5071172714233398
0.42870545387268066
0.4635128378868103
0.41359254717826843
0.40129274129867554
0.44028323888778687
1.3259861469268799
0.3569384813308716
0.34982454776763916
0.38557669520378113
0.397528737783432
0.4500367343425751
0.487198144197464
0.3173481523990631
0.37913990020751953
0.5932917594909668
0.44718289375305176
0.4014224112033844
0.4444567859172821
0.7287948727607727
0.8638125658035278
0.4456329047679901
1.3596888780593872
0.4900464117527008
1.916914701461792
0.36309123039245605
0.39476004242897034
0.7095507979393005
0.4440683126449585
1.86371648311615
0.35464343428611755
0.8868544101715088
0.4017592966556549
0.44260579347610474
0.40479564666748047
0.5829604268074036
0.8798999786376953
0.5787683725357056
0.5362709164619446
0.3958076536655426
0.5543621778488159
0.40726253390312195
0.5439133048057556
0.32812175154685974
0.4608674645423889
0.3547675311565399
0.48726269602775574
0.355655699968338
0.7555345892906189
0.32870185375213623
0.43828830122947693
0.4334247410297394
0.390972375869751
0.38844215869903564
0.74107426404953
0.38624686002731323
0.2601999342441559
0.2938971519470215
0.3417567312717438
0.6074866056442261
0.29280412197113037
0.4778912663459778
0.4320189654827118
0.28214821219444275
0.35838642716407776
0.666022777557373
0.38949689269065857
0.4231984317302704
0.4420429766178131
0.4657721519470215
0.6748398542404175
0.36135134100914
0.2856322228908539
0.3210243880748749
0.6198816299438477
0.5128573179244995
0.31437596678733826
0.5048437118530273
0.43216487765312195
0.29777616262435913
0.47629624605178833
0.3143729567527771
0.2814899682998657
0.3121306002140045
0.4404626190662384
0.3634479343891144
0.32228365540504456
0.31972041726112366
0.37823641300201416
0.35357579588890076
0.2667418122291565
0.5744757652282715
0.5564408302307129
0.3878302276134491
0.3147422969341278
0.39670130610466003
0.5104280710220337
0.3933810293674469
0.32677608728408813
0.4468703269958496
0.3101344406604767
0.300382524728775
0.26518234610557556
0.4420066773891449
0.40186360478401184
0.215240940451622
0.35017773509025574
0.2477676123380661
0.27671900391578674
0.6734634637832642
0.3086797297000885
0.5303257703781128
0.33747848868370056
0.3112868666648865
0.3227355182170868
0.4041246473789215
0.281222403049469
0.22014391422271729
0.26661166548728943
0.4708629846572876
0.3359287977218628
0.3909268379211426
0.29783445596694946
0.36669614911079407
0.2721148133277893
0.6215394139289856
0.4289242625236511
0.28112325072288513
0.2665635645389557
0.3097681999206543
0.3125355839729309
0.25288304686546326
0.26217639446258545
0.27085110545158386
0.3577548563480377
0.35344448685646057
0.3854120373725891
0.6466764211654663
0.2756780683994293
0.3367414176464081
0.6594279408454895
0.2970014214515686
0.3491239547729492
0.25025027990341187
0.40546733140945435
2.4103825092315674
0.23905086517333984
0.5013283491134644
0.32356444001197815
0.31479978561401367
0.3845811188220978
0.44264939427375793
0.3204541504383087
0.2799357771873474
0.45131897926330566
0.4332139790058136
0.27789995074272156
0.33695483207702637
0.32160326838493347
0.2841634452342987
0.6624987721443176
0.5690015554428101
2.161609172821045
0.29408499598503113
0.39924266934394836
0.3724302351474762
0.29954251646995544
0.5631721019744873
0.43725746870040894
0.38962751626968384
0.43175333738327026
0.36622610688209534
0.358065128326416
0.40423086285591125
0.42878684401512146
2.030752182006836
0.3623771667480469
0.33842024207115173
