48.25791263580322
28.175058364868164
20.339032649993896
20.229557991027832
12.550487041473389
7.108481168746948
6.748928070068359
5.230176210403442
5.13067364692688
4.417004108428955
3.6278187036514282
4.243977427482605
3.6230331659317017
3.7989563941955566
3.5029232501983643
3.1233915090560913
3.4686670303344727
3.16744327545166
2.9973549842834473
3.0033291578292847
3.0642945766448975
3.0344728231430054
2.985413908958435
2.374648928642273
2.7675811052322388
3.0871269702911377
2.5361965894699097
2.7850539684295654
2.5480051040649414
2.8148844242095947
2.9433326721191406
2.591721773147583
2.6386812925338745
2.773735284805298
2.7389808893203735
2.0620383620262146
2.902143120765686
2.499948263168335
2.6754926443099976
2.8559030294418335
2.555160403251648
2.6965839862823486
2.5542123317718506
2.697372794151306
2.7922805547714233
2.3646974563598633
2.645560383796692
2.792633891105652
2.5852935314178467
2.6285802125930786
2.79919695854187
2.696130871772766
3.03470516204834
2.8802977800369263
2.6116830110549927
2.8813095092773438
2.660510540008545
2.559309244155884
2.847979426383972
2.501201868057251
2.8802136182785034
2.7786086797714233
2.8134173154830933
2.2889028787612915
3.0345399379730225
2.5854902267456055
2.8108032941818237
2.8799736499786377
2.612844467163086
2.4948830604553223
2.8237061500549316
2.895204782485962
2.8930248022079468
2.54033100605011
2.628281354904175
3.001488208770752
2.6126667261123657
2.5972758531570435
2.457807421684265
2.631898522377014
2.5701491832733154
2.2692203521728516
2.5489805936813354
2.5737537145614624
2.3585205078125
2.438611149787903
2.8434226512908936
2.870349168777466
2.6583893299102783
2.5568543672561646
2.5458344221115112
2.5303907990455627
2.478378415107727
2.4904624223709106
2.597890853881836
2.3752654790878296
2.083539128303528
2.766600012779236
2.677314877510071
2.3473398685455322
2.9513728618621826
2.5966413021087646
2.346344232559204
2.4230352640151978
2.441732883453369
2.3662387132644653
2.237045645713806
2.768410563468933
2.2654093503952026
2.4220234155654907
2.172363042831421
2.2312904596328735
2.539149045944214
2.925334095954895
2.331596255302429
2.1626055240631104
2.438661217689514
2.2971709966659546
2.5194092988967896
2.537524938583374
2.2925139665603638
2.283210873603821
2.4773802757263184
2.5348970890045166
2.067411959171295
2.082712233066559
2.0889812707901
2.4193475246429443
2.202377676963806
2.017992913722992
2.2050427198410034
2.311761736869812
2.440606117248535
2.4745535850524902
2.087064027786255
2.0538283586502075
2.110759675502777
2.07759827375412
2.125207483768463
2.0019965767860413
2.3776886463165283
2.3289860486984253
2.3327298164367676
2.004199743270874
2.357876420021057
2.610295057296753
1.8476622700691223
2.4103076457977295
1.8275244235992432
2.5561511516571045
1.9293866753578186
2.6259371042251587
1.9747720956802368
2.629289746284485
1.7445151209831238
2.3588786125183105
1.7843551635742188
2.24634325504303
2.4348143339157104
1.6899145245552063
2.073195993900299
1.6455562114715576
1.718862235546112
1.7543314695358276
2.220180571079254
2.2290554642677307
2.0798596143722534
2.0824882984161377
2.388980269432068
2.0502554774284363
1.598347544670105
2.354244828224182
1.5811691880226135
2.1599438190460205
1.5304672718048096
1.456832766532898
2.3886855840682983
2.810271680355072
2.215776264667511
1.4486369490623474
1.5873148441314697
2.4190463423728943
2.330977499485016
2.402852475643158
1.5186477899551392
2.7936537861824036
2.526404619216919
2.0343438386917114
1.7846415042877197
1.3261417150497437
1.4480580687522888
2.519295871257782
2.2126903533935547
2.2425490617752075
2.304964601993561
2.1074548959732056
2.0715126395225525
1.469766914844513
1.2379694879055023
2.1527472138404846
1.1670465171337128
1.0749958455562592
1.1043023765087128
1.0498400628566742
1.057435929775238
1.0745521485805511
1.9011513590812683
2.007890045642853
0.9667077660560608
1.071154624223709
2.140053391456604
1.5740493535995483
2.1539883613586426
2.687633693218231
2.0271730422973633
2.694510281085968
2.8577277064323425
0.9124992191791534
2.3506651520729065
2.104625403881073
2.498162865638733
0.9619351029396057
0.8660526871681213
0.9091613590717316
2.5157678723335266
0.835372805595398
0.8988354504108429
0.7663333415985107
2.830073118209839
0.7034223973751068
0.7982925176620483
2.608165681362152
1.1823982000350952
0.8112931698560715
2.232472062110901
0.725357174873352
2.893608570098877
2.924895226955414
2.6201387643814087
0.7358452528715134
0.9488752782344818
0.733692392706871
1.0579858720302582
0.7272748798131943
2.7328723669052124
1.0059979259967804
0.9167985320091248
0.776392325758934
1.5050564408302307
2.9777930974960327
1.9617783427238464
0.6250228881835938
1.687116414308548
1.3458120822906494
0.6881187260150909
0.6911710053682327
0.6376623660326004
0.6269199848175049
2.126280188560486
0.7513407468795776
2.7595522105693817
3.5218596160411835
1.2929893136024475
0.5599977150559425
0.49102645367383957
0.45992571115493774
0.5740698501467705
1.8121963739395142
2.1216527819633484
1.7159382104873657
0.791521817445755
0.5723823010921478
1.9721895456314087
1.869381994009018
1.362844705581665
0.5545594841241837
0.5985930934548378
0.4836202338337898
0.5406429544091225
0.6050363108515739
2.397417336702347
1.4762769043445587
0.7311957776546478
2.111108750104904
1.7089490294456482
0.560414731502533
0.5212147980928421
2.3539976477622986
2.3613117933273315
2.622551679611206
1.456766039133072
1.7085161805152893
0.6943013072013855
1.261394053697586
2.520160347223282
0.6159801632165909
2.8898925483226776
2.4325678050518036
0.9774901866912842
1.8279111981391907
0.45665931701660156
1.5564971566200256
2.7669923305511475
2.6451258957386017
2.844495952129364
1.2005749642848969
1.8073717057704926
1.9382558166980743
3.0153087973594666
1.3579780459403992
0.7518354207277298
0.7391626387834549
1.771106779575348
1.9290358424186707
0.7740586251020432
1.0793054401874542
0.6411187648773193
0.8809118866920471
0.986409604549408
1.4776252508163452
0.6043224930763245
1.6087920665740967
2.5474535822868347
2.9934772551059723
0.5621579140424728
0.5956384837627411
3.829369902610779
1.70576012134552
1.3212832808494568
1.5064740478992462
0.8425181806087494
0.7793008685112
0.6320124119520187
0.6593345999717712
0.6812704801559448
0.6143957823514938
2.0909977555274963
2.1822912395000458
0.5607391744852066
1.7775720357894897
2.2874627709388733
2.3991283774375916
0.7532562613487244
0.7135217934846878
2.5798926651477814
0.5179362446069717
2.2986219823360443
0.4842834174633026
0.4885355830192566
2.815513640642166
1.6971045434474945
2.591932028532028
2.538271337747574
3.1621678471565247
3.3557008802890778
0.6490953266620636
0.6216767430305481
0.3947758898139
1.6611925959587097
0.653529942035675
0.7904749512672424
0.6068002581596375
0.8354773968458176
0.5165467113256454
3.142714112997055
0.6107618361711502
2.173096686601639
0.5044496357440948
0.43662653118371964
0.4954824298620224
0.7423021048307419
0.43633753061294556
0.4924498647451401
0.451514795422554
0.5594762712717056
1.9398225545883179
2.039263129234314
0.43946677446365356
0.5761006474494934
2.364951401948929
2.411759674549103
1.0348837971687317
2.35807529091835
2.158370465040207
0.4533410668373108
0.43275517225265503
1.1989216804504395
1.9813723415136337
2.253587067127228
0.5263289213180542
1.9412328004837036
2.4325517117977142
0.5747783333063126
2.3160988092422485
1.0047384202480316
0.5284789949655533
0.6497427821159363
1.1020306944847107
1.6752870082855225
0.6046674400568008
1.464219480752945
1.5965252816677094
1.3004079461097717
1.2455455660820007
0.5733087360858917
0.6024061292409897
1.7072094976902008
0.9930597543716431
0.529351681470871
1.895788848400116
1.7254725694656372
1.2127354443073273
0.46124066412448883
1.3301124274730682
2.058010697364807
1.4559989869594574
1.309499591588974
1.5885528028011322
2.098859518766403
2.2142859995365143
1.8872932493686676
0.8413065075874329
0.46836474537849426
0.830986350774765
0.4612351953983307
1.6049100458621979
1.0490031242370605
0.4462522715330124
0.4433489292860031
0.5916461199522018
0.42374714463949203
1.7396271228790283
0.4530024528503418
2.0908746123313904
0.4501248747110367
1.7481607496738434
2.523024767637253
1.9189666211605072
1.697997123003006
0.5206615179777145
2.3021719455718994
0.7616283893585205
0.68026302754879
0.4526969641447067
0.3947169780731201
0.5866198241710663
1.5807575285434723
0.8855615705251694
1.8364463448524475
2.3685977458953857
0.6078643798828125
2.9964301884174347
1.408504158258438
1.6085460782051086
1.7593300640583038
0.9841914176940918
1.993319034576416
1.7894535660743713
1.457350343465805
0.5419822633266449
1.0407134294509888
0.6484853625297546
0.4904034584760666
0.5524546653032303
0.48333364725112915
3.3238197565078735
0.5638101100921631
1.3336492478847504
1.3382899463176727
0.5571493357419968
0.44177019596099854
0.6429672837257385
0.45555923879146576
1.2604302167892456
0.4722253829240799
0.4556247442960739
0.6182923316955566
0.4773479253053665
0.5241299420595169
2.4800621271133423
1.3937799334526062
0.5020840764045715
1.7030488550662994
0.8764207363128662
2.4498106241226196
0.4409991204738617
1.9542033076286316
0.9774555861949921
0.919895812869072
1.5716856718063354
1.1209491193294525
0.4697277098894119
2.1305518448352814
2.561083197593689
0.4131658226251602
1.2780176103115082
0.4524322599172592
2.9914178550243378
2.16763973236084
2.4796667397022247
1.6149877309799194
0.4157118499279022
2.2179992496967316
0.3949429839849472
3.5596856474876404
1.4330146610736847
0.4531651586294174
0.5449426621198654
0.41904425621032715
0.5387748032808304
1.5690625607967377
0.35658004879951477
0.3759115934371948
0.35760636627674103
0.46588413417339325
0.3829708397388458
0.45117364823818207
0.4067283123731613
0.7388034462928772
0.5003333240747452
0.43250690400600433
2.85116183757782
0.4388190060853958
2.4549180567264557
0.3265153020620346
0.3901684582233429
2.3403920233249664
0.40942277014255524
1.388860747218132
0.32659315317869186
1.110462948679924
0.3819751441478729
1.2691355049610138
2.442038521170616
0.2918395772576332
3.2569243758916855
2.3831343352794647
0.540644995868206
0.40219277888536453
0.5450121834874153
0.285446472465992
0.3648376017808914
1.2665439397096634
0.4484519958496094
2.950582206249237
0.5128844827413559
0.4613169878721237
0.3874518871307373
0.5037748068571091
2.6659919023513794
1.7728852927684784
2.049582213163376
0.8615916669368744
0.3200075477361679
0.34357722103595734
0.3493994027376175
0.38659654557704926
0.8532232791185379
2.061583697795868
0.2650490701198578
0.6233116313815117
1.8628017157316208
0.32784561812877655
0.4110456332564354
0.35311341285705566
1.6832139194011688
2.2869026362895966
2.9561407566070557
0.41780567169189453
1.4988275170326233
2.5056660771369934
2.101678282022476
0.44995300471782684
1.574112445116043
1.1003447771072388
3.206448018550873
0.4260803535580635
0.4150903820991516
2.718698889017105
0.5374403297901154
0.3337004780769348
0.40831463038921356
2.705458402633667
0.4475241154432297
1.8604292571544647
0.31912805140018463
2.3884191811084747
0.39732441306114197
0.5234638303518295
2.0905517637729645
3.1141843497753143
0.3409920707345009
0.482146717607975
0.3805884122848511
2.646044760942459
2.006647080183029
0.7292239516973495
0.4540475830435753
1.4835397601127625
0.4095768481492996
2.388219654560089
0.5344755798578262
0.35423363745212555
1.4960892498493195
0.4037671983242035
0.3866359293460846
0.28584155440330505
0.35505612194538116
0.3229358494281769
2.267554596066475
1.8764728903770447
3.244006335735321
1.9376742243766785
0.34237369894981384
0.2962505593895912
1.4663616716861725
2.06635744869709
1.9706345200538635
0.2721667215228081
0.5880849361419678
0.4573768824338913
0.31316857784986496
1.0381706058979034
0.34551456570625305
0.9266535639762878
0.4096994996070862
0.38104046881198883
0.4436624050140381
0.3202098309993744
0.9063467979431152
0.2988392189145088
2.1298087686300278
2.1184099912643433
2.2304910123348236
2.3846878707408905
0.38415204733610153
0.31251104921102524
1.625649556517601
1.9384782314300537
0.3288123905658722
1.9256129711866379
2.049013301730156
2.439736306667328
1.9778299778699875
1.6470954865217209
0.6331178322434425
0.41573943197727203
2.448338210582733
0.3142484128475189
0.5643947124481201
2.6713677793741226
0.3572445213794708
0.4024110287427902
0.3774929642677307
1.298397272825241
0.3280532658100128
2.8304004669189453
1.1192964911460876
0.27634600549936295
2.5613845586776733
0.4153197631239891
1.669170543551445
1.922356277704239
0.7244601845741272
0.2939208894968033
0.3998468220233917
2.1102667152881622
2.752901613712311
3.4034069776535034
1.2254357933998108
0.3084077835083008
2.939323306083679
3.641930103302002
0.4160998463630676
1.5320205092430115
2.371618092060089
1.350739300251007
0.43368130922317505
2.5394857972860336
0.41485583782196045
0.41315804421901703
0.31718652695417404
0.3344503790140152
0.3639589622616768
2.527389496564865
1.6471657156944275
2.006935253739357
0.3653867095708847
0.4203849583864212
0.4880664199590683
0.46799080073833466
1.9406745433807373
2.0435062050819397
0.5879034698009491
0.34011413156986237
0.6389790177345276
0.7467522472143173
0.5906766429543495
0.7639585584402084
0.8515795916318893
1.683250367641449
1.818996787071228
2.7383255064487457
0.4685633033514023
0.3283741623163223
0.4237399697303772
0.45252735912799835
0.3811527341604233
2.368094563484192
0.5936685502529144
0.3160637393593788
0.39422817528247833
0.7968716770410538
0.5456582754850388
1.345795601606369
2.1422004997730255
1.9666210412979126
1.5692179650068283
1.5274103432893753
1.526329830288887
1.2611103802919388
1.8413849174976349
0.3451613113284111
3.098160058259964
2.121422439813614
2.3213975727558136
2.1860191822052
0.37487949430942535
0.42232026159763336
3.236029252409935
0.97750124335289
0.3649033457040787
0.5539428442716599
0.32122207432985306
0.28908611088991165
1.5369460880756378
0.2765677943825722
2.0279212594032288
1.9145431369543076
0.3001786693930626
1.6987158060073853
0.6104743331670761
0.636948898434639
1.9088435173034668
0.48187848925590515
0.8982833474874496
1.7112058699131012
0.5264934301376343
0.4566664546728134
0.4221764951944351
2.5754198133945465
1.3708018064498901
0.46745991706848145
0.5097075402736664
2.101026549935341
2.4950912296772003
0.3662823587656021
0.33145392686128616
0.45082589983940125
1.1629807502031326
1.594721868634224
1.2672327309846878
0.41060757637023926
0.5949584096670151
0.3048991709947586
2.2253933548927307
2.297804906964302
0.31047870218753815
0.3181964084506035
1.769160509109497
0.2929130792617798
2.2440780997276306
0.36159704625606537
0.6907469183206558
0.2690728008747101
2.3003455996513367
1.4115327447652817
0.5723427832126617
1.7711513042449951
2.049802288413048
2.1891030073165894
2.9571727216243744
1.9002929627895355
1.7448415756225586
2.435814291238785
1.3121176362037659
0.5743024945259094
2.668727219104767
3.4900529384613037
2.6962154507637024
0.4028388410806656
1.8545535206794739
4.772285103797913
1.2346226871013641
0.6010112166404724
0.41296738386154175
2.919734477996826
1.7580303847789764
0.4785361737012863
0.5756456404924393
0.37691517174243927
0.4005277082324028
2.6323473155498505
2.016779974102974
0.3416009098291397
0.4071289673447609
0.5688448846340179
2.989613339304924
1.5199044346809387
0.30382227152585983
1.1425380110740662
2.5345151722431183
0.4010348320007324
3.061760365962982
0.4198266416788101
0.3655727803707123
1.126466542482376
2.2047736793756485
0.3615676760673523
0.444532111287117
2.7393464148044586
0.33959953486919403
0.34246184676885605
3.3326927423477173
0.4078822582960129
1.4302586168050766
0.29103805124759674
0.3376324027776718
1.9381508827209473
0.9155206680297852
1.5054760575294495
2.099457010626793
0.30071570724248886
0.37974701821804047
0.38808977603912354
0.32946713268756866
1.8289506435394287
1.2524024844169617
0.35871101915836334
0.36619001626968384
0.3613569438457489
1.8918950855731964
1.0384950637817383
2.2639429420232773
0.8124115318059921
2.414298966526985
1.086302638053894
0.3060458227992058
0.5120091885328293
2.6034185588359833
0.3618667274713516
2.198060929775238
0.4026208221912384
1.388464093208313
0.4227118492126465
1.8179621994495392
2.0499762296676636
1.4826340973377228
1.877915620803833
2.134407937526703
0.38864925503730774
0.6536474376916885
0.4066372960805893
0.9283178299665451
0.3949359580874443
0.3010082393884659
0.3278180658817291
0.31756773591041565
0.37233325839042664
1.0555355101823807
0.5168367922306061
0.27007897198200226
0.33559600263834
0.35109519958496094
0.3139007240533829
0.3340406119823456
0.4958826005458832
0.3083881363272667
1.9330346137285233
0.2737976908683777
0.2901989296078682
2.5691060423851013
2.51921409368515
1.413141280412674
0.37292763590812683
0.266536146402359
0.9700893312692642
0.48310045897960663
1.2680640667676926
0.3208777755498886
0.338382750749588
1.9716507196426392
1.4813153147697449
0.2715315446257591
0.6131098717451096
0.30548030138015747
2.0585532188415527
0.44950683414936066
0.3041581064462662
0.3291919231414795
0.928973838686943
1.5722385346889496
2.6034721434116364
0.23967699706554413
1.7596670985221863
1.8215512782335281
2.060866966843605
0.8903176337480545
0.313312828540802
0.44222797453403473
0.30188416689634323
1.7232212275266647
1.5305804312229156
0.37193629890680313
1.3739781379699707
1.8790126889944077
0.31265319883823395
0.7220266908407211
0.4039640873670578
0.27726680785417557
0.7881271541118622
2.0598026514053345
1.1730052381753922
0.3287128806114197
0.27631914615631104
0.3293483033776283
0.7067293077707291
1.9675936624407768
0.33195731043815613
0.22401069104671478
0.8858168870210648
0.4276736304163933
0.4354194849729538
0.3678126484155655
0.29816028475761414
0.2368278130888939
0.45279304683208466
1.7854605466127396
1.2242839634418488
0.27424804866313934
1.0124474614858627
0.3482930436730385
2.5590407252311707
1.0408468842506409
0.4976981282234192
2.186829224228859
0.3327258974313736
0.9646911323070526
0.37340523302555084
0.3281034082174301
0.38841669261455536
1.4885023832321167
0.3059054911136627
1.275051161646843
0.32891370356082916
0.7409892529249191
1.0456602722406387
0.34973664581775665
0.8571048080921173
0.5119876265525818
0.28740932047367096
0.31115421652793884
0.5013628304004669
0.353139191865921
0.8838611841201782
0.25552068650722504
1.6551659405231476
1.2903530821204185
0.26668430864810944
0.40222758054733276
0.30117547512054443
0.678888201713562
1.072520986199379
0.3552649915218353
0.29334498941898346
0.2982109636068344
0.8789536356925964
0.3792487382888794
1.3654920905828476
0.30987583100795746
1.7957948297262192
0.5720086842775345
0.4819813668727875
0.4561510533094406
2.5588594675064087
0.24308983236551285
0.9681874066591263
0.3177933990955353
1.3640972822904587
0.38325605541467667
0.44363875687122345
0.3604666739702225
0.42750872671604156
2.146817520260811
1.8086615800857544
0.3938855528831482
2.215781733393669
1.3964175283908844
2.5517098903656006
2.126954957842827
